word,divergence,score1,score2
lady,3.018472867428591,1.0090595687713446,0.3342947288543803
n,1.8804014547143515,1.262038832370814,0.6711539332235457
wife,1.3928002662633618,1.100734463635144,0.7903031685858454
daughter,1.3541586833768269,1.0517540602191786,0.776684500221532
reservation,1.1744877004155196,1.0098724283956184,0.8598407867858793
de,1.1235427587134723,1.0469812881212932,0.9318570922215308
wings,1.116259147865495,1.0472312684445049,0.9381614210705598
\nthe,1.11110948701744,1.096142706067336,0.9865298774558398
dance,1.1087801987890373,1.0132674661839507,0.9138578297940372
..,1.105667237758649,1.0840325580867056,0.9804329196587213
.....,1.100834886262138,1.041602137456467,0.9461928854682335
server,1.093936491125871,1.0136115416205214,0.9265725659972455
massage,1.091846648962783,1.0304193245664086,0.9437399707598789
tonight,1.0906026081283713,1.0163485102273013,0.9319146155092178
nails,1.0901648071153236,1.007761689215461,0.9244122380744351
desk,1.0853854980916093,1.0244301910949543,0.9438399470936083
ambiance,1.0839934386288312,1.00424052122084,0.9264267526297276
\n\nmy,1.0827761063358599,1.078611361655387,0.9961536418691705
fat,1.0769467434712845,1.0106734608090209,0.9384618756089579
delivery,1.0765367304954254,1.019626568321326,0.9471358843948507
tuna,1.0711403767359027,1.02783028881127,0.9595663753647192
stayed,1.066189316294233,1.008767733415557,0.9461431642569286
cute,1.0632283720370064,1.0056406745920325,0.9458369443860463
la,1.0597788960923449,1.0033132311639774,0.946719391057352
toast,1.0584457881833533,1.0148856476141617,0.9588451850293104
...,1.0577380852939606,1.0443857157743226,0.987376487898772
--,1.0560056467041967,1.0177353642883087,0.9637593960455326
ice,1.0540771757980614,1.029928662791415,0.977090374821594
apparently,1.0517596027753655,1.019422742460733,0.9692545138363342
vegetarian,1.048813883155682,1.0145869228211435,0.9673660304423545
space,1.0478238216846336,1.0257746990843932,0.9789572233958271
alone,1.0474348165651943,1.0111095333506426,0.9653197672637315
craving,1.046842091158082,1.0033505158854323,0.9584545026991258
parking,1.0459769880747172,1.0361527617353956,0.9906076075751871
smaller,1.0454174932823617,1.0000391108047533,0.9565930522789216
eye,1.0450904223329431,1.0110747288768887,0.9674519135099127
staying,1.0430202480796573,1.0028603116091919,0.9614964939133201
comfortable,1.0424551725184061,1.0184840400450776,0.977005119159783
lettuce,1.0422003014137609,1.0126351634891608,0.9716320002167583
pass,1.0411474627320543,1.0074070784996494,0.96759307836772
thin,1.039995481274792,1.0215316918750155,0.9822462792077287
avoid,1.039910655050993,1.0055792325714874,0.9669861806754716
everyone,1.0389248376009397,1.025445074489888,0.9870252759168037
event,1.0381235114173957,1.0156764883569616,0.9783773098156826
stay,1.0380563150174855,1.0144707532683641,0.9772791115396045
must,1.0375586784314017,1.0075139873037713,0.9710428993056542
dishes,1.0374016316163615,1.006311500081421,0.9700307666891758
value,1.0373564464926073,1.031919596986076,0.9947589379475937
egg,1.0357822546725584,1.0135058843798264,0.9784931917956307
bought,1.0356146829377961,1.0180383416039986,0.9830281072455079
party,1.03474375591618,1.0174355154798633,0.9832729211098339
group,1.0346171910238378,1.0162221609482984,0.9822204480699418
ever,1.0341586877903686,1.014275308348103,0.9807733767776499
downtown,1.0338414067685309,1.000957057585775,0.9681920757212248
attentive,1.033667492837215,1.001697686932121,0.9690714798263191
asian,1.033526928345728,1.0087316283649794,0.9760090431117879
nearly,1.0312710684939657,1.0021188524810156,0.9717317619939411
barely,1.03126336574428,1.0055754819810372,0.97509085979729
25,1.0308654381793185,1.0096376330638432,0.9794077826947354
dish,1.0305218267160383,1.0157367338511551,0.9856528095945345
crazy,1.030319045118209,1.0001535193666449,0.9707221506828468
job,1.0303152221488414,1.018052001254008,0.988097602916846
three,1.0298837526175466,1.0013018659536153,0.9722474632779788
fruit,1.0294666923194646,1.0116599568503841,0.9827029513417666
main,1.028911646301376,1.004808063171622,0.9765737094954663
issues,1.0288167330848872,1.0081229633019375,0.9798858541881411
option,1.0286672522247873,1.0152430770648453,0.9869499343632178
priced,1.0285774015580025,1.0178997588760779,0.9896190187867718
floor,1.0283792407806218,1.0155669176717004,0.9875412468466439
head,1.0278537663983314,1.0062861877976408,0.979016880313369
looks,1.0278179309868656,1.0050603159606692,0.9778583206810321
late,1.0273936471604974,1.0036841104180099,0.976922636413009
family,1.0273573458709593,1.006642393389437,0.9798366629052906
hands,1.026104191154317,1.0158922002009645,0.9900478030970086
opinion,1.0260618964747632,1.0257113367649633,0.9996583444809672
room,1.0255792069159513,1.012024316027393,0.9867831847631549
easily,1.0253554065842592,1.008854593673658,0.983907225919284
reasonable,1.0250700499628411,1.0179238303073523,0.9930285548234017
course,1.0249233105108067,1.0023775336444913,0.978002474297244
pie,1.02465072005474,1.0100597710159103,0.985760075357142
forever,1.0246285435812057,1.0089528911292733,0.98470113627994
run,1.0246003742597847,1.0065740498933387,0.9824064827426313
live,1.024589266060706,1.0031577979854112,0.9790828688283124
section,1.024458358243598,1.0084872418386566,0.9844101848782576
limited,1.024376608349286,1.007203188832999,0.9832352482706914
normally,1.0238948703246866,1.011185766348228,0.987587491309114
finished,1.0238279696502945,1.0037570686913826,0.9803962173784259
wanted,1.023395452464377,1.009331612227436,0.9862576678418156
dry,1.0233299946734846,1.0084079811415343,0.9854181802452575
9,1.023184224570647,1.0021820367888363,0.979473698599464
anyone,1.0230341716154208,1.015495975844242,0.992631530812626
clearly,1.0228008242726039,1.0041314308537381,0.9817467947074221
thick,1.0227727902481563,1.009458273641151,0.9869819409218203
15,1.0226201149442762,1.0056211052365658,0.9833770043642875
ok.,1.0214702570790066,1.0081612817133694,0.9869707656454966
size,1.0214437654657846,1.0184594241053102,0.997078310660486
work,1.0214297813178774,1.014492397744494,0.9932081639871195
week,1.021395713370472,1.009416131442735,0.9882713606774342
mixed,1.0211677892848419,1.0055344074410422,0.9846906825618262
stand,1.0211033377906893,1.008194968184771,0.9873584101352099
level,1.0209017772821525,1.0085237997386804,0.9878754471596427
plenty,1.0207908322708157,1.0164049531794017,0.9957034497638882
several,1.0206733455813937,1.0108864046014499,0.990411289740922
sweet,1.0203769562483207,1.0111983281275674,0.9910046693385738
professional,1.0201946336264294,1.0055600905160538,0.9856551459613594
supposed,1.0200659533547782,1.0051400609829426,0.9853677183100293
lot,1.019918139419933,1.0176913317336451,0.9978166799861464
complete,1.0198977198557313,1.0123508032486828,0.9926003201496361
friends,1.0197972939587354,1.002197138732701,0.9827415160539281
chose,1.0196799125603213,1.005281367654677,0.9858793482853939
8,1.0195952166002977,1.011504542395912,0.9920648174170892
7,1.0193814058169746,1.0063472032633227,0.9872136155522616
plate,1.0192315906926894,1.010675835375566,0.9916056807939904
getting,1.0191641017972322,1.004531746471362,0.9856427877511903
care,1.0189135192721839,1.012982512040998,0.9941790867242372
leave,1.0186457628680403,1.011569239709791,0.993053008792453
nothing,1.0185879137591505,1.015478311672727,0.9969471441351122
gross,1.018515611036018,1.0096858857350801,0.9913307904117871
bunch,1.0184092874037711,1.0114057198130366,0.9931230324807929
pho,1.0182815360896118,1.0032281005170345,0.985216823600293
patio,1.0179912161618856,1.002758031307078,0.985036035072836
6,1.0179125943725011,1.0166353568941575,0.9987452385544644
phone,1.0177705124364265,1.0103482371300359,0.9927073193655193
without,1.0177523523381793,1.0040853075569667,0.9865713454262091
city,1.0177426939254721,1.0062160272178573,0.988674282039642
comes,1.0177187809092547,1.0063745969543147,0.9888533215975392
rating,1.017614507692811,1.0019578354285543,0.9846143385870607
plus,1.017589049541765,1.0056254042954367,0.988243146630051
appetizers,1.0174718024093332,1.0136089841683154,0.9962035132257514
ones,1.017388891447693,1.0155810625764987,0.9982230699721698
thank,1.01708326446386,1.0114230272777505,0.9944348340161774
full,1.016971396884521,1.0135028396096768,0.9965893266167857
salt,1.0169334193512516,1.0013846706685223,0.9847101605799833
certainly,1.0166551242450657,1.0164908217038533,0.9998383891082687
already,1.016408886885928,1.0063038617502476,0.990058110209327
mix,1.0163974479691567,1.0100696323044607,0.9937742704122886
waiting,1.0162360774593169,1.0051487926235405,0.9890898531535157
felt,1.0161418423727626,1.0021687895076818,0.9862489149817384
hand,1.0159946345784083,1.0066451085891102,0.9907976620435818
bit,1.0159636628245379,1.0045852156110437,0.9888003403764853
seriously,1.0159294352174466,1.0071838739070462,0.9913915661784832
little,1.0157759717878805,1.0154084611724175,0.999638197175686
40,1.0157548625475636,1.007466848308255,0.9918405369790483
special,1.0157204064148653,1.0059915155204986,0.9904216841239744
piece,1.01560513833202,1.0034937663913004,0.9880747236464255
okay,1.0155180819266274,1.01442391574323,0.9989225537163046
house,1.0152466182265845,1.0039124745782595,0.9888360685523649
word,1.0150799131842083,1.0055154565713071,0.9905776318803331
20,1.0149545959637511,1.0079159594534635,0.9930650725280926
obviously,1.0149353250050372,1.0050414788260835,0.9902517471456571
glass,1.0148244761876333,1.0053121688934543,0.990626647743151
slightly,1.0145567839506993,1.0021168019046982,0.9877385058748909
single,1.0145466645347236,1.0080867391510415,0.9936326976279158
ahead,1.0140643793244224,1.0045115321984832,0.9905796443295807
air,1.0136879674826622,1.0033570565891292,0.9898085888114188
tip,1.0133726887664394,1.0029626277166586,0.9897273124042323
sausage,1.0133540458832624,1.0120376664936783,0.9987009679440944
per,1.0132568943210474,1.002387571562536,0.9892728854652457
month,1.0131579370713613,1.0083257756571904,0.9952305941281586
totally,1.0131212123552138,1.0047625968387508,0.991749639219347
fairly,1.0129008403806905,1.0122465583852256,0.9993540512857912
sad,1.0127135289699283,1.0015366954986322,0.9889634796499022
write,1.011478838423105,1.005052513571227,0.9936466047456842
bite,1.011404056971357,1.0061015589799562,0.9947572901701828
try,1.0110040030000587,1.0054127987795514,0.9944696517482463
water,1.0107267962865756,1.0063399784998213,0.9956597393055457
despite,1.0107180802723819,1.0052032753361213,0.9945436763783089
3,1.010682409971318,1.003379553133036,0.9927743307232493
dessert,1.0104885106677546,1.0024032885757892,0.9919986996322971
side,1.0104710218912167,1.009730305094172,0.9992669588924397
expensive,1.0103093057615007,1.0081584502009582,0.9978710920029372
worked,1.0100360619470268,1.0024377769925814,0.9924772141899585
45,1.0096367623376918,1.0010796510541569,0.9915245644743343
mine,1.0096351493638875,1.004172407631305,0.9945893903000265
could,1.0095857722960733,1.002085048586007,0.9925704938442155
'd,1.009316396855096,1.0005825330488696,0.9913467532743548
like,1.0090856750684332,1.0057585682961567,0.9967028500607238
tiny,1.008925369970251,1.0045846162914507,0.995697646418656
around,1.0088721619390113,1.0070196789895167,0.9981638080429
paid,1.0088201535936807,1.0043707078548012,0.9955894559371863
entire,1.00881150095859,1.0001752626857423,0.9914391952662699
hate,1.0087244412717986,1.0060528023758168,0.9973514680653387
huge,1.0085459894403523,1.002740748163477,0.9942439498667811
sorry,1.0081859506128916,1.007635762274497,0.9994542789075167
guess,1.0081011345835087,1.0041259058559122,0.9960567163440017
wait,1.0079992555452995,1.0007650986950538,0.9928232517926493
extra,1.0079452441465606,1.004197581664225,0.9962818788975896
top,1.007921509978327,1.0051616611874992,0.997261841558588
terrible,1.0077613757194033,1.002271300514392,0.9945522071620456
trying,1.0074597208150058,1.0034191665696728,0.9959893639796693
've,1.0071335596780286,1.0001016810286971,0.9930179283752797
night,1.0070851273466404,1.0058368471832213,0.9987605018388983
corner,1.0066520959368204,1.0055812527085422,0.9989362330515175
near,1.0065666125972925,1.003998220983458,0.9974483639913236
away,1.0064798845297924,1.0037547122556887,0.9972923728372605
close,1.0064729639333174,1.003518152003693,0.9970641914532141
take,1.0064379227623463,1.0034065645620358,0.9969880326130892
lots,1.0064067832386698,1.004607827839475,0.9982124967466877
walking,1.0060383195304103,1.0031429966839784,0.9971220551044385
checked,1.0060032996852757,1.0054906737287475,0.9994904331261254
salty,1.005863451127185,1.0052247385413708,0.9993650106432455
actually,1.0054667023996997,1.0054382563990871,0.9999717086597252
quite,1.0054656411267164,1.0053146759640812,0.999849855473464
unless,1.004929835399966,1.0007122100791692,0.9958030648785363
bottle,1.0048847083214651,1.0021499569027026,0.9972785421092429
plain,1.0047051769037436,1.0004321445745776,0.9957469788875435
know,1.0047046966390598,1.0003469201300055,0.9956626295033437
town,1.0045378162205338,1.0003949287189582,0.9958758272364869
sit,1.0040993584215927,1.0013272311923491,0.997239190319172
want,1.0028337309951003,1.002544971299845,0.9997120562598462
maybe,1.0028062948120473,1.0015026897883195,0.9987000430387484
people,1.0025435069253523,1.0009684684942155,0.9984289575262751
crowded,1.0008067904788511,1.0002947751025302,0.9994883973798019
