word,divergence,score1,score2
much,0.9992870014178306,0.9999023033782062,1.0006157409828234
seemed,0.9990202176223205,0.9995022803062199,1.0004825354636433
thought,0.9979514818824085,0.9986463501947253,1.0006962946845934
stuff,0.9975913723342906,0.9982754690958684,1.0006857484743248
whole,0.997245429832811,0.9987828946745351,1.0015417115944887
general,0.9971383352519069,0.9982906364105795,1.001155608121697
wonderful,0.9968673237506259,0.9995765933658949,1.0027177835512509
see,0.996372655761349,0.998777173568836,1.002413271574228
big,0.9963170418557349,0.9982361997937967,1.0019262522444534
simple,0.9959949160520604,0.9964558602695222,1.000462797761347
please,0.9959778021170744,0.9967247537086757,1.0007499681117527
love,0.9959476285237977,0.9985781148702172,1.0026411894271172
list,0.9958486840701578,0.9968516947543293,1.0010071918557668
'll,0.9952589432589029,0.9987317214501766,1.0034893212613618
though,0.9951353822815465,0.9959969398128867,1.000865769167372
sandwich,0.9950280031725919,0.9978936721682694,1.00287998828831
talk,0.9948373005048543,0.9971875236074859,1.0023624195649268
beans,0.9946704681832071,0.9976907571531695,1.0030364719437976
days,0.9946506264531886,0.9976247894018712,1.0029901584230516
right,0.9946185354323276,0.995450995384315,1.0008369640443364
1,0.9945811282965988,0.9982509515963405,1.0036898179498206
meal,0.9940672168845404,0.9955025646404365,1.0014439141855966
fact,0.9940050246783689,0.9957863456945404,1.0017920643980123
case,0.9939879690788817,0.9973002052183647,1.0033322698488518
touch,0.9939523943544116,0.9960171376077984,1.0020773059807637
came,0.9937761786328231,0.996533187205667,1.0027742751659
dinner,0.9934856112150765,0.9979255190352194,1.004469020758854
first,0.9927952640084189,0.9951907065907902,1.0024128263592835
rolls,0.9923697103994452,0.9938035567578811,1.0014448711436978
fair,0.9922699082620909,0.9972543335051183,1.0050232554686227
new,0.9922414465091662,0.996144097373588,1.0039331665474687
prepared,0.9919150524234609,0.9992906370210555,1.0074357018573057
talking,0.9918239347412424,0.9975715141362322,1.0057949593608964
spend,0.991638361542943,0.9985969535524003,1.0070172678663116
fries,0.991433873968754,0.9986572763632848,1.007285813592
average,0.9913279402291366,0.9967979037533097,1.0055178143399335
's,0.9913230463784832,0.9993680205728145,1.0081153910662335
dark,0.9912802323780988,0.994941713614845,1.0036936893495416
found,0.9911447123072554,0.9981447048479427,1.007062533304942
pricey,0.9911320867207613,0.9949001908478414,1.0038018183222654
soft,0.9910717522299606,0.9962484120888639,1.0052232947284145
bun,0.9910029839216118,0.9966211225266765,1.0056691439846452
ordered,0.9909950528586718,0.9982518231051949,1.0073227108708462
worth,0.9909756234780135,0.9998341543938967,1.0089392016372638
sure,0.9909460479084012,0.9948521337752393,1.0039417745043564
saturday,0.9908666026934349,0.995137240434194,1.0043100027078826
minute,0.9908364798702554,0.9990911633418978,1.0083310249868105
mistake,0.9908090302725115,0.9935661041635335,1.0027826491349838
walk,0.9907274291180816,0.9994373995533701,1.00879149015087
need,0.9906392305061859,0.999449687020817,1.00889370846956
cook,0.9905366430963108,0.9919904259885114,1.0014676719961173
received,0.9904947707310509,0.991748333059854,1.0012655920716047
die,0.9904749252965408,0.9961673585058665,1.0057471754851557
regular,0.9903890869126061,0.9963602662692714,1.0060291247506368
greasy,0.9903450405330424,0.9920807006058991,1.001752581173045
instead,0.9902821310267356,0.9933334532349927,1.0030812655430765
show,0.9899231703928052,0.9963541056693951,1.0064963983760862
mentioned,0.9896995789826102,0.9899288759692624,1.0002316834234566
arrived,0.9896521582230264,0.9979878292035128,1.0084228290831534
unfortunately,0.989423778919294,0.9968474206743757,1.0075029950899201
area,0.9893211358305944,0.9968067227646066,1.007566387356849
cost,0.9893134512732384,0.9961650480528309,1.0069256076229172
else,0.9890431318326762,0.9949801337124221,1.0060027734773758
chicken,0.9890241310335647,0.9962936556264229,1.0073501994185534
home,0.9888695931779655,0.9893879678374283,1.000524209322482
heard,0.9885981199083452,0.9957979420044595,1.007282860397086
least,0.9885447751756338,0.9948705044111885,1.006399031580973
mouth,0.9885058004510893,0.9950690975723347,1.00663961417146
less,0.9882957368657296,0.9918785252399549,1.0036252188900336
etc,0.98826840485684,0.9955310188117178,1.0073488274229812
rare,0.9881695397513861,0.9917826795299715,1.0036563966336125
second,0.9881536629707449,0.9941411630411217,1.0060592803475283
gone,0.9880484577519604,0.9992710899950228,1.0113583824305505
door,0.9879357036118186,0.9961582158883677,1.0083229224801658
exactly,0.9878600027304026,0.9911987183456079,1.003379745719006
standing,0.9878493471889269,0.9981326185311076,1.010409756681465
rather,0.9877983148956875,0.9952325521560189,1.007526067971797
idea,0.9874292685277565,0.9903904484527459,1.002998878015237
bad,0.9870259246864697,0.9896703205776545,1.0026791554558456
overpriced,0.9869924120564918,0.9879524197869061,1.0009726596868298
usually,0.9869062865926747,0.9931210958822274,1.0062972638577565
morning,0.9867513613114326,0.9956331233295811,1.0090010131897302
bowl,0.9867406332268437,0.9999489230907894,1.0133857767879204
overall,0.9865448584925185,0.9941728978634429,1.0077320755414816
kept,0.9865392015559661,0.9931327695906196,1.0066835337351563
crispy,0.9865369356673105,0.9961032218577072,1.0096968353079714
great,0.9864611208885807,0.9962025802113131,1.0098751578916334
cheaper,0.9864540435707491,0.9986220450340714,1.0123350920832326
50,0.9862057375726417,0.9936155815221097,1.0075134869603435
disappointed,0.9861555701666842,0.9994284874016626,1.013459252917605
expect,0.9860863033830979,0.99668863131733,1.0107519269843392
working,0.9860020801420718,0.9983404129269633,1.0125134956947694
world,0.9859602783475673,0.99874092207227,1.0129626355192753
making,0.9858879855531659,0.9951841396800971,1.0094292194074312
weekend,0.9858551155927723,0.9895059815914695,1.0037032480137835
slow,0.9852426074108006,0.9877782591464866,1.0025736318309961
use,0.9852074295184169,0.9918698092958387,1.0067624132520787
based,0.9851980031399823,0.9964809512187109,1.0114524674662029
afternoon,0.985145800416034,0.9881411719060395,1.0030405362218877
works,0.9851055705993633,0.9927191503018182,1.0077286941924637
every,0.9849861659725636,0.9939467888154264,1.0090972067958084
pepper,0.9848155482894421,0.9903825729043814,1.0056528601976369
compared,0.9847144350701211,0.9920231597325805,1.0074221768282892
crab,0.984672330669355,0.9978616795981365,1.0133946578145603
might,0.9845978271712041,0.9972386191692378,1.0128385333068948
poor,0.9845256765991103,0.9932224743948778,1.008833490077993
kids,0.9844277440492912,0.9905817937335365,1.0062513980548045
gotten,0.984258871318693,0.9916049179282361,1.0074635310116138
however,0.9840115924320953,0.9872263118393539,1.0032669527798073
find,0.9839773304729338,0.9990858112232082,1.0153545008430354
person,0.9837404417022229,0.9895627414891744,1.0059185325113573
seems,0.9835954858673536,0.996969595848398,1.0135971648642235
five,0.9834569821421086,0.9960185421978331,1.0127728617355114
4,0.983384333596945,0.9955104694247647,1.012331024009164
cheese,0.983333583819989,0.9879446585833327,1.0046892273783947
feeling,0.9830659348051822,0.990778033994361,1.0078449460164716
tables,0.9830317278957683,0.9867881923459864,1.0038213054000393
seem,0.9827776744768004,0.990082443688487,1.0074327789503108
behind,0.9824554010862261,0.989151124128964,1.0068152946539202
perfectly,0.9824265718275307,0.9944857690236193,1.0122749094353747
amazing,0.9823379358199965,0.9859654762962992,1.003692762280706
nights,0.9821172243354169,0.9934298221669278,1.0115185820502903
served,0.9819402754948565,0.9893013121481411,1.007496419932032
except,0.9819097283156023,0.9927967171186884,1.011087565882214
fresh,0.981306114177292,0.990805805381092,1.0096806603633204
drive,0.9812789086636943,0.9948723706078229,1.0138528015063935
local,0.981073474797846,0.9863694156278617,1.005398108262082
choice,0.9809743372179718,0.9986119329207883,1.0179796708574829
hell,0.9809708389045989,0.9857520887430831,1.004873997930278
tell,0.9808012225389833,0.9915718163998785,1.0109814237721009
orders,0.9807540620146109,0.9998880116854002,1.0195094268908613
cup,0.9805336821920289,0.9967258859368368,1.0165136639759376
expectations,0.9804066818036953,0.9855720518001048,1.0052685993397215
bucks,0.9803233420513711,0.9873328511470869,1.007150201158169
pick,0.9802579453486673,0.9929638357160845,1.0129617825876411
said,0.9801728576185267,0.9855616169150889,1.0054977642511496
recommended,0.9801718991445758,0.9922542391873683,1.012326756208107
card,0.9798940543488396,0.9890510513906744,1.0093448847874884
asked,0.9794436696665234,0.9932304773767184,1.0140761619449632
since,0.9792760626264333,0.9948339692206734,1.0158871509148437
clean,0.9792274136237623,0.98359639832668,1.004461665025032
salmon,0.9788351927215475,0.9831538027659934,1.0044119889400773
issue,0.978816972635591,0.9900108301192823,1.0114361088912776
impressed,0.9785329765137677,0.9935341372785604,1.01533025572448
makes,0.978458748861138,0.9963432015987731,1.0182781877707685
're,0.9783519026756464,0.9832701437268195,1.0050270674976176
always,0.9779185956194312,0.9885503492924281,1.0108718186980201
fine,0.9778572082270407,0.9986058086244836,1.0212184358031806
seeing,0.9778477671047715,0.9835062306137197,1.0057866507439106
tasting,0.9778243283827133,0.9984790861753305,1.0211231784616972
experience,0.9774756952525955,0.9914498962289873,1.0142962132401467
understand,0.977445379657162,0.9879896247488811,1.0107875542829998
cold,0.9774216733895235,0.9888928000227495,1.0117361083200112
recommend,0.9774180816024015,0.9985409943454668,1.0216109289777369
later,0.9773277249364903,0.9895608111482566,1.0125168721807838
tender,0.977169340011114,0.9977281469639642,1.0210391445075593
true,0.9770606449017539,0.9852422948002382,1.008373738049092
saying,0.9768571085837379,0.9825178071729959,1.0057948071826646
bill,0.976731203677447,0.9799977273553115,1.0033443425023854
best,0.9763159287100303,0.9966812875932692,1.0208593942640545
last,0.9757568691538426,0.9976909745660313,1.022479068408926
different,0.975609740669045,0.9879010593503275,1.0125986018475517
split,0.9752851783974195,0.9971678302423549,1.0224371828154846
establishment,0.9751220402661417,0.9870973183952452,1.0122807993611087
sign,0.974812940232402,0.9825408061166083,1.0079275372384409
building,0.9747196092073996,0.994113644083642,1.0198970398184692
early,0.9743504734345679,0.991297275756766,1.0173929225512262
ridiculous,0.9742866603735988,0.9858087008877523,1.0118261298063296
type,0.9742166383622866,0.9963508122276685,1.022719971096563
return,0.9740251236033955,0.9975045269176659,1.024105541782545
treat,0.9738535183422011,0.9896107371255323,1.0161802760749428
pool,0.9738425680477709,0.9824170022540244,1.0088047436901864
takes,0.9736934244390523,0.9964473040207689,1.0233686281642758
online,0.973637791097148,0.9866341287530904,1.013348226388478
check,0.9735717201202367,0.9816708281421036,1.0083189639288892
normal,0.9730555781557856,0.9992012499679281,1.026869659245668
save,0.9722165494832863,0.9807859479977528,1.008814289901793
weeks,0.9719740036476867,0.9860834100586643,1.0145162384570234
dont,0.9718179266460013,0.9965394179371792,1.025438398092221
expected,0.9716549707615986,0.9878135564768868,1.0166299624882513
grab,0.9713092752389012,0.9971382911962651,1.0265919585201233
shows,0.9710906510952807,0.9916433326823479,1.0211645344993139
employees,0.970775747924687,0.9997315575592848,1.0298274958933606
eaten,0.9704375178840406,0.9847077112061957,1.014704906868471
weird,0.9701917672957189,0.9922270033296212,1.0227122480077548
explained,0.9700725437596754,0.9971163997670062,1.0278781789890865
us,0.9696939045440498,0.9845115098455351,1.0152807037685285
tasty,0.9694306448098826,0.984050084417209,1.0150804389004986
ago,0.9691508263093427,0.997944454746832,1.0297101623976728
surprise,0.9691206502965201,0.9840942915408706,1.0154507503681498
sandwiches,0.9689945949537768,0.9977459360963543,1.0296713121954504
hungry,0.9689537792608659,0.9871331956097641,1.0187619025158927
start,0.9684356738237447,0.9938679650166099,1.0262612085451674
double,0.9680463457067163,0.989584237011241,1.0222488224866972
spent,0.9680359073104957,0.9835155685551449,1.0159907924156
plan,0.9680090868078481,0.993140783594576,1.02596225296769
veggies,0.9673020390104307,0.9795656556104293,1.0126781668035607
filled,0.9667554221665337,0.9800467462566587,1.013748383288442
given,0.9667189940271059,0.9965107565732847,1.0308173965032732
seen,0.9666863175052652,0.98888560462536,1.0229643129504353
open,0.96651982771174,0.9876665514618563,1.021879244629861
flavorful,0.9664762775902418,0.9704255009331962,1.004086208254176
location,0.9660946869841476,0.9662342468624673,1.0001444577640266
bread,0.9660000260166473,0.9782070827828446,1.0126367043865763
better,0.9654833169949768,0.990623065040944,1.0260385110787968
sat,0.9654623929926953,0.9929091619569264,1.028428625665214
taste,0.965013294442694,0.9711556223079839,1.0063650189076796
tastes,0.9649665328230397,0.9800122229903387,1.015591929518304
warm,0.9648093060346187,0.9722715402469345,1.0077344135941078
longer,0.9647042002653163,0.9908988434257333,1.0271530311086163
packed,0.9645453485084666,0.9815969848117055,1.017678418468978
corn,0.9643637022235929,0.9708434145958931,1.0067191582982224
chili,0.9641905976610512,0.9765890952140396,1.01285896956791
glasses,0.9641415477958271,0.9984000711517567,1.035532669901271
awesome,0.963943027816586,0.9844211669954797,1.021244138489469
onions,0.9638226054925855,0.9959379733834631,1.0333208286544227
places,0.9635844969867643,0.9884994924489636,1.025856575671476
bartender,0.9635752063936153,0.9895115454710185,1.0269167771288714
disappointing,0.9632044105209803,0.9853560331066196,1.0229978417287955
roll,0.9627713951275106,0.9886219150910999,1.0268501121807483
pulled,0.9624551140608737,0.9960151493173767,1.0348691952135862
drink,0.9620256814534562,0.9768588597138459,1.0154186926049409
lobster,0.9619413478031676,0.9943210563419982,1.0336607929503994
shot,0.9617831255335894,0.9934431451924857,1.0329180444305794
old,0.9617791864082836,0.9901993491932373,1.0295495714469423
young,0.9617078464985122,0.9797429105932498,1.0187531630945943
bag,0.961598839241474,0.991643642203945,1.031244633142622
knows,0.9615857380690671,0.985329148796458,1.0246919331135977
grilled,0.9608943669457534,0.997876881653305,1.0384875965347806
drinks,0.9594461588840063,0.9760778796044509,1.0173347097869359
mins,0.9593748105858886,0.9881124120026867,1.029954509019523
noodles,0.9590674803596295,0.9997236434415477,1.0423913477565447
typical,0.9589183570270672,0.9849611628603684,1.027158522560817
neighborhood,0.9584477759273573,0.9886590948013276,1.0315210902803118
heat,0.9582844003006641,0.9925837223533915,1.0357924245056749
visit,0.9576658643289085,0.9632078892714742,1.0057870131420517
favorite,0.9551512570109876,0.9820157153271827,1.0281258681481127
paper,0.954743575822785,0.9739809565322928,1.0201492643644439
questions,0.9546927703045303,0.9722647370451858,1.018405886466544
lines,0.954495051696515,0.9726105970444046,1.0189791925224663
sushi,0.9542096660108016,0.9761319945873658,1.0229743308598134
using,0.9529380160140292,0.9785896858460379,1.0269185082355148
music,0.9526492649722779,0.9680840381967789,1.016201947339927
often,0.9517581371878354,0.9783602469028173,1.0279504935923987
restaurant,0.951440407419543,0.9963232562092443,1.0471735785443785
wall,0.9502927508618678,0.9931940472735246,1.0451453474445085
food,0.9491781024176217,0.9631991561670367,1.0147717838345642
decided,0.946375674138954,0.9736616500032775,1.0288320765314993
usual,0.9460921707714864,0.9861115473788171,1.042299659423983
fix,0.9420310496233759,0.9940951403679331,1.0552679136907137
beers,0.9410303662405102,0.9938536698989697,1.0561334740657655
soup,0.9401470192382005,0.94366285583355,1.00373966680041
bar,0.9365491558105875,0.9785987243701795,1.044898410615936
customers,0.9331776100375616,0.9499058917496166,1.0179261498905676
cool,0.9312700036314984,0.9849668986822171,1.0576598567991313
guests,0.9261521060500891,0.9793986542424383,1.057492228160489
mall,0.9239134470679814,0.9603255087374878,1.0394106848266569
chinese,0.9238091377145236,0.9619107837202177,1.0412440670374363
greeted,0.9226298020027773,0.9590574476496713,1.039482407318536
joint,0.9212893229912401,0.997952193682,1.0832125899840575
burger,0.9192357020659969,0.9769212797865232,1.0627538482142034
charge,0.9176688376928335,0.9733506263679572,1.0606774321934225
mac,0.9146098693642215,0.9500371472048886,1.038734851904992
hotel,0.910959398305273,0.9991896642603515,1.0968542243696262
tacos,0.9097919080092561,0.9635949365269114,1.059137730335922
grill,0.9049702511344317,0.9904675389107737,1.0944752467489027
lol,0.9047983617364308,0.9755134787525698,1.078155664296769
thai,0.9028171190019891,0.9829565431088668,1.0887659553858118
employee,0.8999006271760938,0.9870450908662916,1.0968378741591267
airport,0.8972320648099926,0.9942963453307715,1.108181912269636
chain,0.8940733688352334,0.986302539306895,1.1031561543901196
store,0.8940161620531721,0.9081679930273708,1.0158295023903126
\ni,0.8891723755807551,0.9646502103007313,1.084885492164192
dogs,0.8799928511889358,0.9197188954419007,1.0451435988363906
beer,0.8249176316585644,0.9626593764771557,1.1669763616782567
chef,0.7525895100792608,0.9929586621856488,1.319389453197498
scottsdale,0.7172171320830888,0.872166942310282,1.2160430967079052
