word,divergence,score1,score2
woman,2.975561251003963,0.9859457730296861,0.3313478331850925
waitress,1.9787822897148968,0.997445441741026,0.5040703299829604
girl,1.4480805751579642,0.9631465889942612,0.6651194729887155
hostess,1.3042917547847215,0.9741083073832479,0.7468484745148362
mom,1.211478624446579,0.987096441446346,0.8147865109029605
et,1.106788803263032,0.860271777032494,0.7772682326530979
bed,1.1034387433633646,0.9981591518669893,0.9045895459720082
girls,1.1015525315843244,0.9594263542999926,0.8709764870859887
beautiful,1.086495357157799,0.991796504811318,0.9128400763771258
salon,1.0745275042777347,0.9771042155140088,0.9093338342891363
lovely,1.0695666771972843,0.9990844323818355,0.9341020561708767
tea,1.060132112921878,0.9935650637595425,0.9372087229969226
ribs,1.0534750207996966,0.9209737132397466,0.8742245378923481
turn,1.051409518517036,0.9970231907222225,0.9482729356763643
hair,1.0508163185382629,0.9915397924719578,0.9435900213761795
portions,1.0485901506692046,0.9994193600973664,0.9531077127317498
sent,1.0477856133929142,0.995852469130456,0.9504353337184221
window,1.0436563082377464,0.9973751548520714,0.955654794571383
reading,1.0406916811575309,0.999581412202011,0.9604971677012023
located,1.0400987493088745,0.9985495429950496,0.9600526331356195
wo,1.0390702563399885,0.9940260288588132,0.9566494881300532
cake,1.0347761631160006,0.9971713782169098,0.9636590151189295
shopping,1.0331449269209945,0.9673977641331795,0.936362110411986
center,1.030954069649867,0.9973247400160071,0.9673803803448965
helpful,1.0308914484234777,0.9911916203225575,0.9614898075237385
black,1.0291691334618835,0.9984880884330101,0.9701885297262369
kitchen,1.0279026362432004,0.9836506282564794,0.9569492222060505
help,1.027878963789805,0.9958716176798754,0.9688607829934394
cocktail,1.0275922291466566,0.9997474968499325,0.9729029360996169
shrimp,1.027143801244242,0.9977138323858679,0.9713477618005153
complaint,1.0268082251271107,0.9994900892631942,0.9733950944339828
miss,1.026653723996534,0.987400998146142,0.9617663434779256
bathroom,1.026122236736483,0.9594082571578282,0.9349843739954078
100,1.0235447417888626,0.9906408680984542,0.967853018683969
upon,1.02289542833535,0.9913591095489694,0.9691695574026541
frozen,1.0225776862339362,0.9973810531767089,0.9753596881719331
red,1.0225519973959607,0.9943595565687691,0.9724293327879788
due,1.0219487920628814,0.999151645985184,0.9776924771037895
worse,1.0211469710346708,0.989218223868674,0.9687324664600971
noticed,1.0203697502166593,0.9981635260100042,0.9782370810170137
read,1.0192827924219432,0.9987033730109298,0.9798099020566078
attention,1.0174860477842191,0.9955116575158197,0.9784032515077203
today,1.0172251336759712,0.9927573986853927,0.9759465882423108
yum,1.0161771997408642,0.9969674268514763,0.9810960402434865
pancakes,1.0160895402923251,0.9981804318495016,0.9823744781019288
call,1.0159411977170243,0.9927081945908076,0.9771315473981912
shop,1.0148969438012232,0.9864056094910162,0.9719268695366302
expecting,1.014889572178369,0.9971473976294475,0.9825181231187157
along,1.0148273292131038,0.9896582393823173,0.9751986479805362
showed,1.014797339676276,0.9964989719064996,0.9819684511829588
number,1.0146028619149012,0.9890510958482247,0.9748159925170607
tried,1.0144919148213105,0.9976880503523278,0.9834361770424336
made,1.0140042215886158,0.9974840103641432,0.9837079463055974
rest,1.0133584985925181,0.9953719612841541,0.9822505684480407
opened,1.0131571458645112,0.9990444529229499,0.9860705784890662
lunch,1.0130177328787218,0.9885910980554298,0.9758872584057555
checking,1.013014331177538,0.9773480277626898,0.9647919063757081
awful,1.0129267663028516,0.9917475832149231,0.9790911013584607
matter,1.0128075112358952,0.9941607074800285,0.9815889953925079
date,1.0125228886005504,0.9942816291952172,0.9819843485903363
although,1.0120839800896309,0.9954774584037911,0.9835917552174188
evening,1.0117010001373912,0.9910425046717575,0.979580433880338
change,1.0110471403193249,0.9987753947753432,0.9878623408794709
rude,1.0109783947168227,0.9941392529532594,0.9833437174804514
glad,1.0106965006335058,0.9963017715469946,0.9857576145979643
make,1.0101241297282628,0.997193901945404,0.9871993674813637
hot,1.0100773209954979,0.9978498985994814,0.9878945679287546
pasta,1.010072550964532,0.9939899219689644,0.9840777486922003
onion,1.0096519539087458,0.9972042361049372,0.9876712784483617
real,1.0096205175536286,0.9996558682827784,0.9901303023288442
toppings,1.0094564971004703,0.9879613849064925,0.9787062520715657
ca,1.0090752194061443,0.9961259335789049,0.9871671748763584
portion,1.0087713476318882,0.9908211701803735,0.9822059007785529
ordering,1.0087336303168497,0.9831672776446656,0.9746550011779089
line,1.0078996658185078,0.999898913431094,0.9920619555112994
french,1.0078422889130063,0.996393066676141,0.9886398672065908
half,1.0078336368412242,0.9967675596319042,0.989019936619695
loud,1.0077700154395026,0.989984895051095,0.9823520048067205
credit,1.0077631228779576,0.9977069297607757,0.9900212729669413
middle,1.0077136703153697,0.9944139549599973,0.9868020889790945
especially,1.0076435572988223,0.9993922087168344,0.9918112426539925
seated,1.0075709913936775,0.9979877217136642,0.990488739987683
original,1.007543210192869,0.996160689916725,0.9887026976500939
dirty,1.007512562082782,0.9976598425902904,0.9902207477471808
started,1.007455766054077,0.9969462624086214,0.989568272871554
across,1.0074233127098873,0.9894371409649892,0.982146361397458
office,1.0058607665305694,0.9818130166119865,0.976092367135932
lack,1.0056559276302517,0.9958159210055345,0.9902153347339141
pieces,1.0054864652235278,0.9985447373083334,0.9930961498187336
hour,1.005407910562449,0.9973983505009789,0.9920335219393795
baked,1.00537120154946,0.9914262701202701,0.986129569448878
needs,1.005281715924695,0.9990944175642281,0.9938452094945589
added,1.0048794971389932,0.9910155779373963,0.9862034012624706
think,1.0047548926381666,0.9975844448384894,0.9928634855602942
min,1.0047464910380801,0.9828790577385031,0.9782358699486633
horrible,1.0046793188943843,0.9786826470736437,0.9741244083242909
blue,1.0046572075299403,0.9913286223270402,0.9867332010331467
busy,1.0044959885228115,0.9886195485350893,0.9841946208156891
four,1.0044779870080507,0.9968697632779002,0.9924256939140973
watch,1.0042612325153462,0.9933937440107318,0.9891786238951046
called,1.0042075721924655,0.9907861047605516,0.986634767747657
leaving,1.0042012027240086,0.9962372517915875,0.9920693672634349
asking,1.0038276237023487,0.9921550084850916,0.9883718928014695
set,1.0035454741255585,0.9967511408557073,0.9932296707573003
stars,1.0034664518033563,0.9961897147994204,0.992748400316863
thinking,1.0033401986718238,0.9932342750494855,0.9899277197946259
rice,1.0032319930987261,0.9749810473702575,0.9718400669807103
atmosphere,1.003133896108842,0.9766635558921837,0.9736123559184503
kinda,1.0028690711842343,0.9931694188834703,0.9903280970772085
authentic,1.0027713427981506,0.9981477909833376,0.9953892262198965
garlic,1.0026280589711902,0.9873100319769007,0.9847221241643611
item,1.0026199965236027,0.980620010105431,0.9780575028480856
hours,1.00259787490628,0.9979079549694665,0.9953222323184636
two,1.0025585299752624,0.9969004365623139,0.9943563460448657
end,1.0024881380831023,0.9945793204554971,0.9921108117620943
white,1.0023872804197944,0.9667619426142573,0.9644595073167553
ready,1.0022914543769081,0.9990822904437979,0.9967981729075948
salads,1.0021148681122132,0.97472867645117,0.9726716042915984
wish,1.0020099664165178,0.9875483230272897,0.9855673657209746
review,1.0019076410616197,0.9925425227977888,0.9906527130046561
pleasant,1.0018268722161001,0.9888970782568389,0.9870937840480765
short,1.0017956799615573,0.996938566287459,0.9951515925140696
cooked,1.0017554808125795,0.9888221165787612,0.9870893002518665
looked,1.0015849030127204,0.9985414607158838,0.9969613736312497
reviews,1.0015474218415306,0.9717520934334369,0.9702507062987498
play,1.0015030947182288,0.997268523298962,0.9957717839898855
closed,1.0014201830458773,0.9877069938492583,0.9863062584230033
past,1.0013580116535277,0.993658222908998,0.9923106534776556
large,1.0011860388686802,0.9910636945708654,0.9898896469738503
come,1.001136344593344,0.9981400620535801,0.997007118405055
style,1.0009834710746635,0.9797849030060111,0.9788222596264318
breakfast,1.0008828756070483,0.9531293486318966,0.9522885962593889
waste,1.0007720960568174,0.9970240618989197,0.9962548574518959
stopped,1.00072072166946,0.9867180313482158,0.9860073944527858
dining,1.0001694418133167,0.9934787118118075,0.9933104034958529
free,1.0000815474688143,0.9983623726797292,0.9982809653938358
coming,1.0000522671059549,0.9968714315812877,0.9968193307197112
2,0.999950519559378,0.9972651826314677,0.9973145301938604
way,0.9999123260223554,0.9973199118594668,0.9974073585299211
fun,0.9998946261432041,0.9855089838081997,0.9856128416346304
times,0.9997311305436084,0.9980021998331452,0.9982706043078572
name,0.9997307655715539,0.995525922270815,0.995794024305799
eat,0.9997250179504766,0.9818159190636475,0.9820859750778825
yet,0.9997094148417771,0.9976667546690985,0.9979567460880601
note,0.9995719127559421,0.9953697373495587,0.9957960249255128
also,0.9995477423120293,0.9989349945210326,0.9993869749637178
mushrooms,0.9990821058484379,0.9948963012966807,0.9958103497928206
otherwise,0.9988853980654011,0.9944218664388856,0.9955314877610982
cream,0.9988743387378551,0.996409268995516,0.9975321522971008
surprised,0.9987572662581421,0.9946282347213374,0.9958658307916255
stop,0.9987305517914754,0.9937140687565698,0.9949771407053611
mind,0.9986802392684025,0.9964074982970814,0.9977242555905722
day,0.9986240641716555,0.9979243354552858,0.999299307175268
sometimes,0.9985233224354048,0.991793625890329,0.9932603511666989
ok,0.9983936599061073,0.9942185447899047,0.9958181674384878
front,0.9980441663848691,0.9946947251327993,0.9966439949604613
chocolate,0.9979971117611552,0.992075294120353,0.9940662978168824
told,0.9978415800625088,0.9961397323791439,0.9982944710689864
say,0.9977877729981899,0.9952997314071625,0.9975064420928399
excited,0.9977651238984153,0.9853708397538467,0.9875779541219657
curry,0.9976448030035455,0.990458528274865,0.9927967602226311
happened,0.9973360935378753,0.996139440667789,0.9988001508439934
charged,0.9972640868575408,0.9959174284258852,0.9986496471201535
taco,0.9968871822682913,0.9841100933456779,0.9871830141365237
included,0.996872302282226,0.9870241990935709,0.9901209982802119
green,0.9968640763725266,0.9961322672288473,0.9992658887394736
mediocre,0.9965268554863048,0.9949296519745009,0.9983972298357936
lamb,0.9963419305247456,0.991416818357518,0.9950568052830682
easy,0.9960140647428238,0.9913775819446004,0.9953449625237766
desserts,0.995997194889491,0.9906455029767829,0.9946268002157357
trip,0.9959011340605456,0.989239257623869,0.9933107050400531
watching,0.9958429879956034,0.9937775541959847,0.9979259443260469
small,0.9957731013159906,0.9932530821857606,0.997469283788747
worst,0.9953599906828907,0.9857778530517567,0.9903731938988627
knew,0.9951918723763872,0.9910868518235407,0.9958751466257012
total,0.9950071742725857,0.9914499663813776,0.996424942469577
face,0.9949564882891396,0.9947073858606224,0.9997496348519265
butter,0.994874945389612,0.9806227255764556,0.9856743605020881
choose,0.9943966709005688,0.9933226300947232,0.9989199070780548
rooms,0.9939718930437325,0.9928213082922384,0.9988424373369645
crust,0.9933957421845655,0.9856030066571533,0.9921554570887577
covered,0.9932044468083375,0.985276564285646,0.99201787451902
truly,0.9931740389453488,0.9899399872618309,0.9967437210834144
moved,0.99231211781917,0.9775008483173105,0.9850739810228152
turkey,0.992201003752911,0.972858490227976,0.9805054485414008
fried,0.9921219472711913,0.9794861194369987,0.987263835994207
used,0.9915491221073975,0.9897049922516953,0.9981401528027347
dressing,0.9906302973917187,0.9787736092800473,0.9880311674871145
serving,0.9904958841328859,0.9839582219323758,0.9933996068986866
eating,0.9898234919376502,0.9765741886248122,0.9866144788229854
yeah,0.989764492623163,0.9883298277146106,0.9985504987103042
minutes,0.9896213344945324,0.9871377471682894,0.9974903660221599
yelp,0.9887267266670532,0.9765957272234115,0.9877306852172039
decor,0.9884999526765679,0.9628161634991279,0.9740174098057407
mention,0.9880814516502706,0.9831849386251617,0.9950444236991486
'm,0.9876142600274718,0.9874006111921321,0.9997836717795734
menu,0.9875792775162726,0.9785551279056456,0.9908623542270728
view,0.9870783670934504,0.976893678693967,0.9896819860114316
may,0.986680229258195,0.9803982576391921,0.9936332243895007
brunch,0.9864482517061484,0.9651139239658443,0.978372582947555
wow,0.9861573982507871,0.9822485768705319,0.996036310849375
attitude,0.986073859420299,0.9822902375126545,0.9961629426928843
turned,0.9858185052374266,0.9831905287100677,0.9973342187092279
yummy,0.9857743667131105,0.9701849026398266,0.9841855655820467
bland,0.9850568331247437,0.9750236093127183,0.9898145736625179
choices,0.98476019260031,0.9840084017883307,0.9992365747340028
spicy,0.9840037282042696,0.9833399751068792,0.9993254567250455
unique,0.9830651824790955,0.972720985015498,0.989477607743658
delicious,0.981176968346988,0.9803038707121295,0.9991101527420386
visited,0.9793400765548178,0.9768923147079542,0.9975006007560985
selection,0.979175449689975,0.9787275494226472,0.9995425740428135
tasted,0.9791583332851448,0.9724125344355428,0.9931106148818962
coffee,0.9787676230939348,0.965797770530645,0.9867487928112175
oh,0.9781709096751403,0.9738492197239229,0.9955818662071512
salad,0.9772476194202091,0.9674783849331605,0.9900033171809162
visiting,0.975671610606593,0.9523633971861193,0.9761105958530631
ingredients,0.9740669861936279,0.9688168621673715,0.9946100996125817
stores,0.9704899376907147,0.9601185193080579,0.9893132138934531
coupon,0.9697151105528059,0.9202707007745647,0.9490114062984392
filling,0.9693692723000242,0.9647872652631013,0.9952732078807789
items,0.9665842582167598,0.9644523303382796,0.9977943693368094
flavor,0.9635519582215434,0.9607534510855346,0.9970956344262181
wine,0.960796522698585,0.9468340147738898,0.9854677784579416
salsa,0.96054159292395,0.944609612174311,0.9834135441223935
customer,0.942769721116618,0.9367747772918353,0.993641136652456
flavors,0.9315931157164818,0.923680017212678,0.9915058426578025
dog,0.9189774354263059,0.8973427808753415,0.9764579044958505
