word,divergence,score1,score2
seafood,1.0604177429181205,1.0630938510929089,1.002523635796044
\n,1.0602109230355292,1.1402373576549785,1.0754816167997239
friend,1.0527781174286,1.0542742035172434,1.0014210839529014
\n\nso,1.049941207337924,1.0602205182905557,1.0097903681470837
prices,1.0353252146277312,1.0490658567376774,1.0132718124854003
\n\nthe,1.0342883872767532,1.0673204154504936,1.0319369612770308
someone,1.033481009428871,1.043715101745172,1.0099025451101
\n\nthis,1.0321567701424763,1.0334454765052403,1.0012485568084644
club,1.0312302759670735,1.078194675761365,1.0455421072177589
forgot,1.0310925667663757,1.0327134666903333,1.001572021733258
....,1.0276146179095225,1.0276797910566735,1.000063421778958
everything,1.0268008893175296,1.0281514099347029,1.0013152702059607
price,1.025988262111397,1.0491970341828134,1.0226208943401114
chips,1.0251772362412743,1.0351056019897296,1.0096845359002087
car,1.024881872063585,1.0383885814990852,1.0131787963117198
gave,1.0248597783826647,1.0255581715758648,1.0006814524366467
none,1.0224946523633804,1.0311970935386987,1.008510989426892
\n\n,1.022064637665501,1.1085768016415436,1.0846445134562577
go,1.0217810915435386,1.0232725871850927,1.0014597017442366
cut,1.0205965218105393,1.0207504389718651,1.0001508109796933
enjoyed,1.0197169059310682,1.0203973844108827,1.000667320974926
options,1.0187109745521523,1.0218120482267712,1.00304411531051
deal,1.0174110205673954,1.0199689403412733,1.002514145927426
cheap,1.0168555177085914,1.024136250348442,1.0071600463517738
spot,1.0148736456469556,1.017161889080191,1.0022547077097235
offer,1.0143845720622835,1.0161072880414364,1.0016982868495825
offered,1.014059135192879,1.0201673049725286,1.006023484792618
appetizer,1.0140307746304549,1.0223406834650173,1.0081949276515703
fee,1.0137367453053567,1.017255113686194,1.0034706923638026
nice,1.0129233321847155,1.0192507747846848,1.0062467142368239
n't,1.0127148522151075,1.013226866190982,1.0005055855305711
pork,1.0126579642694324,1.0402314943627018,1.0272288680543404
box,1.0126342045393995,1.0285885534640669,1.015755293326206
goes,1.0124578875884915,1.0173689140780584,1.0048505982814397
able,1.0113666083527475,1.027994452746981,1.0164409663685812
forget,1.0113422862430357,1.0139867373107623,1.0026147933332743
literally,1.0113400421852117,1.0127607267774643,1.0014047546156513
fantastic,1.0111818037800333,1.0231314441825319,1.0118174994425613
mostly,1.0105097626974362,1.0107550442635311,1.0002427305258685
order,1.010473824487329,1.0143336596887762,1.003819827003837
buy,1.010413069535203,1.011365368879993,1.0009424851810638
groupon,1.0104061158793824,1.0208943381512658,1.0103802046593466
5,1.0102874567684885,1.0111818850815086,1.0008853206154622
mess,1.0100981886865825,1.0181791916866583,1.0080002153162786
basically,1.0096879928010518,1.0179881804873174,1.0082205470852827
couple,1.009354390253455,1.013592140354591,1.0041984759189209
decent,1.009112081032178,1.0179863481892113,1.0087941342927498
including,1.0088839628376078,1.0119146397898249,1.0030039896200678
got,1.0087768148815917,1.0126168457993865,1.0038066209107368
things,1.0086459222572484,1.0152107283364984,1.0065085338019895
let,1.0086271861523426,1.010607780498528,1.001963653541544
plates,1.0083011017414767,1.0225707314852315,1.0141521512959861
entree,1.0080645446048973,1.011847925338966,1.003753113582178
definitely,1.0079564959727523,1.0109364854634046,1.0029564663778237
yes,1.007320223647091,1.0102131497155211,1.0028719030954785
30,1.006670138970829,1.010931198651506,1.0042328261420699
perhaps,1.0062641685353682,1.0081223069118475,1.001846571143623
anything,1.0062189974021225,1.013404148799209,1.0071407431340864
add,1.0061893497198915,1.0069581994178067,1.0007641202902111
excellent,1.0061583575043989,1.0133356977772898,1.00713341018276
taken,1.0059278598502628,1.0073025934880595,1.0013666324322714
pay,1.0058793033167206,1.0070697768586776,1.0011835152965487
solid,1.0051496019615043,1.0112773742853884,1.0060963784017087
put,1.0050463448335702,1.0133385748900938,1.0082505947105322
sort,1.0048987401760598,1.0129203456500244,1.007982501274267
life,1.0048333946258972,1.0125686076040856,1.0076980054798719
anywhere,1.0046475972200297,1.0051341807471235,1.0004843325445063
completely,1.0046240005853113,1.008891275241759,1.0042476335962125
running,1.0044400547683525,1.0065421024872356,1.0020927557686534
thing,1.004398384646981,1.0075259355980215,1.0031138550189322
needed,1.004311208636873,1.005321242264766,1.001005697854616
enjoy,1.0042842260706806,1.0054337108291826,1.0011445811142523
staff,1.0041638706008496,1.0169390349010619,1.0127221907441941
low,1.0037616853777576,1.0116897598957602,1.007898363360043
even,1.0036935310306725,1.00742407877302,1.0037168195539894
left,1.003642445490116,1.0046116182875333,1.000965655450078
fish,1.0035921767633846,1.0036850658960974,1.0000925566528551
ended,1.003584877130918,1.0077241647457202,1.0041245017826852
strip,1.0033911944117817,1.01081938537431,1.0074030856598089
serve,1.0033406555674367,1.0075010430473574,1.004146535333573
walked,1.0032868109162298,1.0051745048764975,1.00188150979334
returning,1.0029979147672818,1.00371338505646,1.0007133317812968
probably,1.0026815065051202,1.0104348313890277,1.0077325898938059
somewhere,1.0025650482206176,1.006821892427198,1.0042459531320542
company,1.0024268684861464,1.0242842992830408,1.0218045141087482
service,1.002356721889086,1.0076751656793062,1.0053059391672425
something,1.0022786704425986,1.0094636955870557,1.0071686900623
honestly,1.0020048149087732,1.006641412145053,1.0046273203155236
inside,1.0019662826173066,1.0037126314382676,1.001742921744232
next,1.0019630426821455,1.0065001743007682,1.0045282424853488
pretty,1.001922487898044,1.0175563917628816,1.0156039055452646
recently,1.001807067683184,1.0026070970258483,1.0007985862432718
considering,1.0017911980637257,1.003384093206945,1.0015900470540149
one,1.001718671835387,1.0050162182451408,1.0032918887333027
twice,1.0016457982562095,1.0053273995630685,1.0036755520896392
went,1.0016100627549538,1.0021413115868865,1.0005303948629185
time,1.0013556188351946,1.0032300380295314,1.0018718816363332
potatoes,1.0012774490954846,1.011805987946605,1.01051510633804
sell,1.0012742437928936,1.0201578751808604,1.0188595996601633
almost,1.0011266789389899,1.0085956821006428,1.0074605974636184
station,1.0010239286428104,1.024435966524105,1.0233880901458936
high,1.000977274657218,1.00231056985628,1.0013319934755947
seats,1.00090755253347,1.0267433763961098,1.0258123977556617
bbq,1.0008530178091537,1.0017873976800213,1.0009335835075095
whatever,1.00073743276944,1.0057625051126033,1.005021369420805
smell,1.000588150326259,1.000982303281876,1.0003939212706932
counter,1.0003729345303431,1.0006296082774337,1.0002565780602721
dollars,1.0002938819805958,1.0045321316311568,1.0042370044712952
give,0.9999288011456585,1.0050697295110076,1.0051412944196216
share,0.9998598870610358,1.0006735085475142,1.000813735501351
brought,0.9996902964426312,1.0032329937781281,1.0035437948613721
ate,0.9996490249016287,1.008197252711632,1.0085512290784704
absolutely,0.9995866310713468,1.0039607533842856,1.0043759311869254
part,0.9995851976518545,1.0026135843019426,1.003029643353265
taking,0.999561516194408,1.0025114088424836,1.0029511866956489
friday,0.9995528202586793,1.0064806868893954,1.0069309660183072
available,0.999491007496163,1.0048564368006112,1.0053681616584917
disappointment,0.9993794113967809,1.0010104513953606,1.001632052831967
anyway,0.9993627169390009,1.0075500902256413,1.008192594288206
specials,0.999313905820381,1.015363146690842,1.0160602597211787
wrong,0.9992874054779215,1.0005557175633921,1.0012692165222117
feel,0.9992830142713282,1.0011708589105763,1.0018891991680903
friendly,0.999108798031703,1.0012300741318112,1.002123168271851
variety,0.9988866272773321,1.009130876654464,1.0102556677578662
light,0.998833975917327,1.011052272669172,1.0122325602116444
point,0.9988262122789657,1.001397518641821,1.0025743280775425
italian,0.9984792371265271,1.0071536765782192,1.0086876513092609
paying,0.9983411287117702,1.0026471067723741,1.0043131329930886
really,0.9982209769180753,1.0053797298661866,1.0071715112321256
get,0.9981613010991398,1.0064263126822945,1.0082802364448047
looking,0.9980182168802574,1.0067837957434913,1.0087829848343195
sour,0.9978447721505638,1.0174209811119825,1.0196184912801898
liked,0.9977718574808239,1.0055449553750224,1.0077904561407696
cash,0.9976699712596706,1.0117567354200627,1.0141196633818756
another,0.9976512466655304,1.0055044998413452,1.007871741955982
street,0.9974136665305791,1.005019397724774,1.0076254531589195
flat,0.9972264735095683,1.0020876527186486,1.0048746993167683
slice,0.9969660920642648,1.0128852860751465,1.0159676383556038
super,0.9968660002184451,1.007766741356492,1.0109350114615787
management,0.9968290206299557,1.021689847975897,1.024939911290133
took,0.996755691977871,1.0043770181052067,1.007646132536462
hold,0.9967376508807025,1.005633058834876,1.0089245228634773
year,0.996649771498626,1.0130169679507646,1.0164222146236264
forward,0.9965588228185802,1.0058193105203213,1.0092924647192922
months,0.9964662534491969,1.005087928052945,1.0086522494604355
table,0.9964312315929591,1.0173918915608173,1.0210357316222909
keep,0.9963815830991343,1.007353775919992,1.0110120389687753
crowd,0.9962666776061855,1.010789446612495,1.01457719035751
mean,0.996219671224956,1.0015834640651375,1.0053841466848232
star,0.9960132901201352,1.0046592965974221,1.0086806135651505
back,0.9957872260736067,1.0052535937962648,1.0095064161045568
amount,0.995777833912977,1.0005392558074204,1.004781610648766
done,0.9956744493188134,1.0036483633048696,1.0080085553983147
far,0.9956645222897393,1.0077204975676666,1.01210847128529
long,0.995364387371984,1.0038760735849244,1.0085513268516804
elsewhere,0.9952520180088984,1.003750236543784,1.0085387604155651
highly,0.995177376641713,1.0017773956912197,1.006632002700643
beef,0.9949610041916852,1.0227832600013569,1.02796316206611
thanks,0.9948360255426946,1.0036057380970513,1.0088152341985934
stick,0.9947593198110748,1.0073244828286019,1.0126313599352992
10,0.994705288860933,1.0050614155547097,1.0104112512618042
park,0.9945526398773905,1.0141114537621778,1.019665941349468
waited,0.9945379218783106,1.0062939297011808,1.0118205727144798
kind,0.9940365176224334,1.003680367773386,1.0097017061043383
hope,0.9940080032493505,1.004115946072849,1.0101688746875843
hard,0.9938957618224332,1.0029407727366704,1.0091005629178376
believe,0.9938333498884521,1.0002757402709193,1.0064823648584447
birthday,0.9937908175555947,1.0097485820731267,1.0160574682676007
money,0.9937863329527572,1.0024318800183305,1.0086996035051976
soon,0.9935292418588282,1.0052359713217132,1.0117829742393716
standard,0.9933728409338457,1.0049386623054888,1.0116429812604604
together,0.9933251168844889,1.0071632542588196,1.013931126012129
prime,0.9932001414042458,1.010290769892951,1.0172076379938302
sunday,0.9927932646015954,1.0020541838913695,1.0093281447608233
mexican,0.992760420978761,1.0270793352269096,1.0345691805625306
ask,0.9927361813278696,1.001286929361143,1.0086133135812942
still,0.9926467651872677,1.0083979022691927,1.015867816865301
problem,0.9925880143862008,1.0061119039955,1.013624877001625
saw,0.9923167371299617,1.0001731376021363,1.0079172306363564
move,0.9922357716984116,1.0015230179352805,1.0093599187831859
going,0.9921123437004675,1.0014147257490236,1.0093763393910202
changed,0.9918939724201503,1.003073240521862,1.0112706281241282
12,0.9917902308787155,1.0127264522555461,1.0211095257091627
enough,0.9917595292683209,1.0013656097610633,1.0096858968421805
extremely,0.9917121201890633,1.0071324754559767,1.0155492253779994
meals,0.9915799145847815,1.0127231861572772,1.0213228114663349
reason,0.991569920529538,1.000562747006946,1.0090692812389928
would,0.991328021865101,1.0048919225012898,1.0136825554579496
rib,0.9909694634336886,1.0126185663656169,1.0218463875333903
well,0.9908839219213602,1.0039933491334272,1.013230033227956
movie,0.9907816656202889,1.0178005474077847,1.027270268238745
business,0.9907080433083135,1.013197652925089,1.022700542070573
outside,0.9906194053244276,1.0019886951933554,1.0114769504895822
hit,0.9903283112614593,1.0088846314936593,1.018737543924765
quick,0.9902652344722467,1.0029407744042969,1.0128001463555423
either,0.9900366602784371,1.001194277283751,1.0112699028762995
good,0.9894828505635512,1.0102340033507686,1.0209717154525708
look,0.9894760185003025,1.0031095338935847,1.0137785202858638
many,0.9893105650670193,1.00563587466578,1.016501703484441
bring,0.9892319761415551,1.0101130884879144,1.021108408189356
never,0.9888983861196824,1.003805486949589,1.015074451570702
perfect,0.9888234497991962,1.0023492659967155,1.0136786968394267
helped,0.9885889904467562,1.00077833479883,1.0123300425858124
speak,0.9885584313516064,1.0074120772754471,1.0190718578952012
pizza,0.9881788506043085,1.032304193322601,1.0446531948050781
fast,0.988013609444847,1.0014596780083151,1.0136091936739853
tomato,0.987473858299769,1.003414689961019,1.0161430416889181
finish,0.9873304719012918,1.0019360829284198,1.0147930317586595
prefer,0.9872304204815805,1.0096132617427365,1.0226723577361376
means,0.986586131819735,1.0031950799568985,1.0168347674891078
says,0.9858920896198898,1.00566699176005,1.0200578768694497
servers,0.9853922493057968,1.005304387847632,1.0202073220647545
games,0.9853680684369452,1.0284877615642203,1.0437599862513043
quickly,0.9845836714278455,1.0051798503098255,1.0209186679402384
medium,0.9844934305649273,1.0232320187063118,1.0393487523011253
picked,0.984411121672866,1.012508705957316,1.0285425303167055
immediately,0.9843416716737957,1.0089212216637988,1.0249705470136274
within,0.9843238121891041,1.005463383548617,1.021476236882352
simply,0.9842751404688357,1.000069648090139,1.016046841956996
sitting,0.9839735854650632,1.0010257887406393,1.0173299400791502
loved,0.9839316562892965,1.0249562106583188,1.0416945161859497
lost,0.9837865718001306,1.004917973431489,1.021479660565698
empty,0.9836370600879284,1.010714214265271,1.027527586419855
sides,0.9832986781648166,1.026014837771188,1.043441693307363
oil,0.9831429741276227,1.033194243915379,1.050909451732764
fan,0.9825087460280977,1.0100733650061153,1.0280553420918142
finally,0.981904837939397,1.0067185814495607,1.0252710268362026
hear,0.9809801563329229,1.0007265841615263,1.0201292836568876
school,0.9808847524751346,1.0038260155348206,1.0233883369088945
seating,0.9806236835114203,1.0264858025327785,1.0467683167279165
\n\nwe,0.9805524737823791,1.0290029114157686,1.0494113664784273
happy,0.9804544720426956,1.0055686611357892,1.0256148447574218
eggs,0.9792247939369918,1.03003584573406,1.0518890576624202
appointment,0.9791941191029504,1.005763634636629,1.0271340636298134
game,0.9790260295167826,1.0346688604771468,1.0568348841427921
steak,0.9788513754191143,1.0232995780830327,1.0454085306310033
sauce,0.9787714161720996,1.0032545708058513,1.0250141700393167
book,0.9787518039344578,1.0033884543048925,1.0251714993233203
buffet,0.9776740706543025,1.0141036461647843,1.0372614725131266
interesting,0.9773657507501132,1.0093708524450753,1.0327462893705848
tv,0.9770470760700128,1.0080904792249519,1.031772679039996
rate,0.975333947668602,1.0081501950011007,1.0336461654092337
playing,0.9751368866320455,1.013407130077371,1.0392460217329123
quality,0.9746977636322813,1.0018803041934556,1.0278881737246186
seat,0.9744768447988779,1.0181577631753034,1.0448249936461453
casino,0.9735004487372235,1.0427921019640198,1.0711778338845945
giving,0.9722270105966588,1.0018824054078075,1.0305025415750886
bacon,0.9708941786038575,1.0039957622141127,1.0340939150112685
potato,0.9696806678811966,1.0050011034755666,1.0364248115532169
restaurants,0.9695177083126337,1.0064580013496764,1.0381017208043928
cafe,0.9694395228165194,1.0081839760037088,1.0399658279607014
meat,0.9685607443435268,1.0036285586901883,1.0362061074139752
entrees,0.9679564765293334,1.0246068742606647,1.058525769603252
place,0.9673682597645368,1.0121342318787163,1.0462760398248707
chance,0.9672125207462559,1.0001822133375349,1.0340873302238076
others,0.9630778746703655,1.003230004937083,1.041691467868536
years,0.9627525253728492,1.0092137748789176,1.0482587666940424
gets,0.9620365125253378,1.010514825200429,1.0503913438252317
burrito,0.9583624661352564,1.002080496925319,1.045617427992941
remember,0.9560688827654895,1.0022091557309873,1.0482604065431291
\n\nit,0.9556290486037612,1.0179859381490024,1.0652521913564148
rock,0.9530841155595411,1.0074700212859315,1.0570630701304484
burgers,0.9506277321403355,1.0006656638403109,1.052636726247524
chairs,0.9489341018799236,1.0008706437476143,1.0547314526528235
\n\ni,0.9140536262896221,1.0013098002900667,1.095460672646352
combo,0.8978040117693791,1.0271742542287317,1.144096306948319
guys,0.8696792605503598,1.03219137316757,1.1868644223094011
owners,0.8611735514080721,1.0380806658605586,1.2054256243276775
boyfriend,0.8466589231453927,1.0535298865668237,1.244338018257567
manager,0.8363093198557342,1.007767894002225,1.205018131540215
husband,0.8353099105457918,1.0787213050722384,1.2914024979871261
owner,0.7730529498153229,1.0153138266164576,1.3133819964842113
man,0.7487994179178392,1.0211611351418077,1.3637312085275324
son,0.7484630761528512,1.084732727653574,1.449280214635531
guy,0.6131143680089304,1.0207432643339427,1.664849688074958
waiter,0.6023466208843814,1.0109210241676936,1.6783044664273743
