word,divergence,score1,score2
right,0.9988736650112396,0.9997096863536886,1.0008369640443364
share,0.9987839006455044,0.9995966465636376,1.000813735501351
high,0.9980443756746536,0.9993737642714062,1.0013319934755947
mostly,0.9979958008148694,0.9982380448604158,1.0002427305258685
time,0.9968116910452255,0.9986776045445753,1.0018718816363332
enjoyed,0.9965759319984928,0.9972409680210218,1.000667320974926
much,0.9963925366949001,0.9970060564147225,1.0006157409828234
seemed,0.996389935696096,0.9968707291756866,1.0004825354636433
wrong,0.9962533539172838,0.9975178151343844,1.0012692165222117
exactly,0.9962248656137381,0.9995918523384634,1.003379745719006
entree,0.9959368867779543,0.9996747510347127,1.003753113582178
less,0.9957239222408265,0.9993336394129924,1.0036252188900336
case,0.9956152384168542,0.998932897056888,1.0033322698488518
please,0.9951856722008099,0.9959320297202336,1.0007499681117527
running,0.9948633316002123,0.9969453375764404,1.0020927557686534
thing,0.9942276045148725,0.9973234851311521,1.0031138550189322
walked,0.9942098400801409,0.9960804556308867,1.00188150979334
offer,0.9940703104260729,0.9957585269618299,1.0016982868495825
touch,0.9940128546300984,0.9960777234779775,1.0020773059807637
enjoy,0.9938728163925459,0.9950103844481575,1.0011445811142523
instead,0.9934791108206543,0.9965402837725923,1.0030812655430765
'll,0.9933067535408793,0.9967727199150638,1.0034893212613618
completely,0.9930146812814157,0.9972326438031589,1.0042476335962125
taste,0.9929657531755725,0.9992859989692133,1.0063650189076796
left,0.9928617718296059,0.9938205342107473,1.000965655450078
recently,0.9928454983624984,0.993638371119185,1.0007985862432718
part,0.9927858548258158,0.9957936418921044,1.003029643353265
afternoon,0.9926852003446985,0.9957034956532784,1.0030405362218877
buy,0.9922559431735174,0.9931911296957809,1.0009424851810638
taken,0.9922267767030337,0.9935827859962442,1.0013666324322714
regular,0.9917454251869847,0.9977247820763103,1.0060291247506368
rather,0.9913974690227032,0.9988587937616356,1.007526067971797
star,0.9912416320241882,0.9998462175814793,1.0086806135651505
even,0.9910782326382688,0.994761891592872,1.0037168195539894
disappointment,0.9909547233205828,0.9925720137831293,1.001632052831967
least,0.9909306813531228,0.9972716780776565,1.006399031580973
talk,0.9906171534023531,0.9929574067469029,1.0023624195649268
chicken,0.9905661232614673,0.9978469818047024,1.0073501994185534
heard,0.9905624746874565,0.9977766029051973,1.007282860397086
mentioned,0.9904863588202147,0.9907158380907133,1.0002316834234566
brought,0.9904582395321669,0.9939682203518247,1.0035437948613721
anyway,0.9903959094075191,0.9985098212779937,1.008192594288206
somewhere,0.9903373965516675,0.9945423227223466,1.0042459531320542
going,0.9903338848406686,0.9996195914553623,1.0093763393910202
another,0.9901619323984397,0.9979562316249168,1.007871741955982
life,0.9899825917522621,0.9976034831685487,1.0076980054798719
really,0.9898709139188842,0.9969697842964078,1.0071715112321256
point,0.9896941863604894,0.9922419838926179,1.0025743280775425
saturday,0.9896940577763604,0.9939596418453519,1.0043100027078826
cost,0.9896474600363014,0.9965013700295294,1.0069256076229172
offered,0.9895322202668999,0.9954926525474831,1.006023484792618
pricey,0.9895131592188204,0.9932751084776613,1.0038018183222654
ended,0.9893648498310285,0.9934454869178826,1.0041245017826852
anywhere,0.98927839885581,0.989757538579953,1.0004843325445063
seem,0.9892640897691486,0.9966170710718831,1.0074327789503108
second,0.989233758396575,0.995227803067939,1.0060592803475283
considering,0.9890751778314183,0.9906478539041284,1.0015900470540149
ask,0.9889965090331464,0.9975150460962542,1.0086133135812942
including,0.9889863980186173,0.9919573028926535,1.0030039896200678
street,0.9889855556708788,0.996527018700495,1.0076254531589195
making,0.9888716136714384,0.998195901082527,1.0094292194074312
warm,0.9887378031036361,0.9963851102089691,1.0077344135941078
worth,0.9886675198705899,0.9975054181829266,1.0089392016372638
whatever,0.9886175075269793,0.9935817212481477,1.005021369420805
absolutely,0.9886017520173598,0.9929278052554616,1.0043759311869254
honestly,0.9884308394633994,0.9930046255673384,1.0046273203155236
morning,0.9883226425411759,0.997218547682398,1.0090010131897302
outside,0.9882386957101509,0.9995806622927056,1.0114769504895822
something,0.9881323204830502,0.9952159348291345,1.0071686900623
give,0.988013062700724,0.9930927287465005,1.0051412944196216
gotten,0.9877983959630894,0.9951708599245822,1.0074635310116138
slow,0.987590310666146,0.9901320045256597,1.0025736318309961
new,0.9873807517632812,0.991264284705731,1.0039331665474687
everything,0.9872788008728012,0.9885773392645657,1.0013152702059607
standard,0.9871193167166304,0.9986123284230006,1.0116429812604604
found,0.9870342170462553,0.9940051790772619,1.007062533304942
long,0.9870329084337711,0.995473349447153,1.0085513268516804
's,0.9864791897723026,0.9944848541760061,1.0081153910662335
soft,0.9864148071844947,0.9915671424468915,1.0052232947284145
far,0.9862844064282944,0.9982268028426606,1.01210847128529
probably,0.9861632703930258,0.9937888665313094,1.0077325898938059
feel,0.9860844881153015,0.9879473981099156,1.0018891991680903
sure,0.9860381760629864,0.9899249162057135,1.0039417745043564
based,0.9859599960744116,0.9972516708524314,1.0114524674662029
almost,0.985852267698349,0.9932073146262417,1.0074605974636184
crispy,0.9857991329622863,0.9953582648013626,1.0096968353079714
kept,0.9857733100740231,0.9923617592471196,1.0066835337351563
couple,0.985683235406488,0.9898216027340261,1.0041984759189209
five,0.9854701596862546,0.9980574337803995,1.0127728617355114
enough,0.9854560224097886,0.9950010477853553,1.0096858968421805
feeling,0.9854125317911532,0.9931430399070094,1.0078449460164716
yes,0.9851367536787698,0.9879659709711295,1.0028719030954785
wonderful,0.9851328038008276,0.9878101815307951,1.0027177835512509
asked,0.9850584846544023,0.9989243274096576,1.0140761619449632
quick,0.9847900155379071,0.9973954718662691,1.0128001463555423
service,0.9847595996075097,0.9899846741373852,1.0053059391672425
true,0.98465816633837,0.9929034358911868,1.008373738049092
thanks,0.9846058556855762,0.993285386896751,1.0088152341985934
spend,0.9843930466943166,0.9913007963887053,1.0070172678663116
salmon,0.9842288140977362,0.9885712207400409,1.0044119889400773
cold,0.9841589243866544,0.9957091201273619,1.0117361083200112
arrived,0.9840740360253483,0.9923627234359587,1.0084228290831534
unfortunately,0.9840462518808253,0.9914295460769414,1.0075029950899201
looking,0.9839066057814628,0.9925482425784282,1.0087829848343195
smell,0.9835373802687322,0.9839248165633419,1.0003939212706932
expect,0.9834554445965722,0.9940294857292254,1.0107519269843392
minute,0.983446822099731,0.9916399421478432,1.0083310249868105
tastes,0.9834153307367169,0.9987486732607834,1.015591929518304
anything,0.9834072360392239,0.9904294945079819,1.0071407431340864
add,0.9833966215990235,0.9841480549109124,1.0007641202902111
waited,0.9833535410616654,0.994977343097826,1.0118205727144798
use,0.9832194327171131,0.9898683688386206,1.0067624132520787
flavorful,0.982926729451761,0.9869431727668969,1.004086208254176
hard,0.9828805009597952,0.9918252667994955,1.0091005629178376
check,0.9828228533819362,0.9909989212477085,1.0083189639288892
either,0.982777633205401,0.9938534416806254,1.0112699028762995
tables,0.982632422173575,0.9863873607546807,1.0038213054000393
sitting,0.9825083181071422,0.9995351283872057,1.0173299400791502
changed,0.9824332236419097,0.993505863162366,1.0112706281241282
months,0.9824021749585802,0.9909021636467963,1.0086522494604355
ate,0.9823552649986332,0.990755609906078,1.0085512290784704
hold,0.9817249839556722,0.9904864110206315,1.0089245228634773
box,0.9814887654806507,0.9969524088771741,1.015755293326206
tell,0.9812550148098863,0.9920305919560127,1.0109814237721009
needed,0.9811222446216181,0.9821089571581502,1.001005697854616
helped,0.9807190144665505,0.992811321679639,1.0123300425858124
working,0.980173695948708,0.9924390952730884,1.0125134956947694
hit,0.9801649542212292,0.9985308381044647,1.018737543924765
order,0.9800869975467696,0.9838307603261083,1.003819827003837
prepared,0.9800738947954802,0.9873614320753078,1.0074357018573057
definitely,0.9800215307432882,0.9829189314484741,1.0029564663778237
food,0.9800148990439183,0.9944914672872474,1.0147717838345642
served,0.9799073213642222,0.987253118139641,1.007496419932032
variety,0.979497994408516,0.9895434004086661,1.0102556677578662
visit,0.9792493186365325,0.9849162473128272,1.0057870131420517
forgot,0.9791905351242807,0.9807298439264965,1.001572021733258
fresh,0.9789875074694137,0.9884647530291586,1.0096806603633204
bring,0.9788891028735581,0.9995518936291257,1.021108408189356
compared,0.9788273833883236,0.9860924133122033,1.0074221768282892
expected,0.978445236516063,0.9947167440961333,1.0166299624882513
available,0.9783550827698757,0.9836070510135915,1.0053681616584917
counter,0.9783359428905792,0.9785869624291006,1.0002565780602721
orders,0.9779632808493881,0.9970427839790661,1.0195094268908613
questions,0.9778953425557118,0.9958943732069543,1.018405886466544
early,0.9778415122288908,0.9948490339184618,1.0173929225512262
move,0.9777747472029423,0.986926639425012,1.0093599187831859
type,0.9776941707045281,0.9999073540042133,1.022719971096563
perfectly,0.9775985231541423,0.9895984564900154,1.0122749094353747
fine,0.9774967974930954,0.9982377505385173,1.0212184358031806
nice,0.9772582667794562,0.9833629199076012,1.0062467142368239
need,0.9768280916371934,0.9855157159090912,1.00889370846956
ordered,0.9768047463708706,0.9839576051058148,1.0073227108708462
find,0.9766928241003505,0.9916894548913859,1.0153545008430354
serve,0.9765007147346026,0.9805498094515089,1.004146535333573
experience,0.9760228431505237,0.9899762738434579,1.0142962132401467
building,0.9757227152037401,0.9951367089199339,1.0198970398184692
recommended,0.9754134368713815,0.9874371205098068,1.012326756208107
amazing,0.9753252082487347,0.9789268523891773,1.003692762280706
filled,0.9752494622780027,0.9886575656872476,1.013748383288442
none,0.974954434068792,0.983252260948853,1.008510989426892
year,0.9745498026005054,0.9905540686202235,1.0164222146236264
expectations,0.9743801296201346,0.979513748127689,1.0052685993397215
young,0.9742569775838016,0.9925273775804772,1.0187531630945943
better,0.9741335020944806,0.9994984880809948,1.0260385110787968
slice,0.9740823892155949,0.989636184535152,1.0159676383556038
within,0.9740177316892636,0.9949359672226334,1.021476236882352
able,0.9739807362939634,0.9899939208230184,1.0164409663685812
since,0.9739654240965672,0.989438959775029,1.0158871509148437
birthday,0.9737946055700627,0.9894312815481647,1.0160574682676007
home,0.9735951355780261,0.9741055032244192,1.000524209322482
happy,0.9735256116515425,0.9984623190613708,1.0256148447574218
door,0.9731027273299242,0.9812017858947291,1.0083229224801658
table,0.9730459580455174,0.9935146916751179,1.0210357316222909
longer,0.9729750118953916,0.9993942326612935,1.0271530311086163
disappointed,0.9728185960671679,0.9859120075945853,1.013459252917605
us,0.972808539604229,0.9876737387214161,1.0152807037685285
look,0.9725645527251092,0.9859650531441442,1.0137785202858638
veggies,0.9724611538556954,0.9847901785742611,1.0126781668035607
staff,0.9722172909029148,0.9845860247225853,1.0127221907441941
packed,0.9715998693552198,0.9887762184300857,1.017678418468978
surprise,0.9713712970161164,0.9863797124410982,1.0154507503681498
explained,0.9712306437598697,0.998306785486293,1.0278781789890865
open,0.971059843360389,0.9923058992235054,1.021879244629861
appetizer,0.9705646963290652,0.9785184037966501,1.0081949276515703
recommend,0.9704155526679596,0.9913871342555582,1.0216109289777369
options,0.9701059680625831,0.9730590824927796,1.00304411531051
cook,0.9699758967772641,0.9713995032378729,1.0014676719961173
given,0.9696178159885763,0.999498912680534,1.0308173965032732
favorite,0.9689185304970811,0.9961702053321051,1.0281258681481127
together,0.9688307603853036,0.9823276637926581,1.013931126012129
list,0.968748615386921,0.9697243311026241,1.0010071918557668
giving,0.9685909505124691,0.9981354362497303,1.0305025415750886
pick,0.9681983860165165,0.9807479629977677,1.0129617825876411
lost,0.9681562174761932,0.9889518844021519,1.021479660565698
forward,0.9679354761427497,0.9769299824053574,1.0092924647192922
seafood,0.9677277852075912,0.9701699776871675,1.002523635796044
issue,0.9673126974496025,0.9783749907895516,1.0114361088912776
weeks,0.9672512531503555,0.9812921029889409,1.0145162384570234
love,0.9671323323902009,0.9696867120811331,1.0026411894271172
book,0.9668416727952676,0.9911785273077915,1.0251714993233203
sell,0.9660369912797775,0.9842560621922227,1.0188595996601633
using,0.9657219045126236,0.9917176975524638,1.0269185082355148
normal,0.9646289305165768,0.9905481811780705,1.026869659245668
split,0.9643889928076617,0.9860271649445282,1.0224371828154846
seats,0.9643827390975638,0.9892757699478446,1.0258123977556617
school,0.9643144550213075,0.9868681663814629,1.0233883369088945
mexican,0.9642345113283302,0.9975673082550626,1.0345691805625306
bag,0.9638134732295737,0.993927471618548,1.031244633142622
ridiculous,0.9637611638288702,0.9751587284546097,1.0118261298063296
tasting,0.9631186753065728,0.983462802964867,1.0211231784616972
tasty,0.9631150950566746,0.9776392934018246,1.0150804389004986
weekend,0.9628392629605038,0.966404895548655,1.0037032480137835
weird,0.9625159421001511,0.9843768428885475,1.0227122480077548
location,0.9625095241568241,0.9626485661305382,1.0001444577640266
neighborhood,0.9624214407770298,0.9927580138994704,1.0315210902803118
choice,0.9617955031886655,0.9790882697682047,1.0179796708574829
perfect,0.96065891226755,0.9737994742945512,1.0136786968394267
buffet,0.9603962652319278,0.9961820442705767,1.0372614725131266
grab,0.9602287008846246,0.9857630626683804,1.0265919585201233
glasses,0.9600718578319247,0.9941857742377666,1.035532669901271
picked,0.9589926385778197,0.9863647150379246,1.0285425303167055
employees,0.958984684160007,0.9875887958885854,1.0298274958933606
empty,0.9585375557187117,0.9849237811204351,1.027527586419855
awesome,0.9553933577903626,0.9756898665951799,1.021244138489469
usual,0.9536293609728296,0.9939675581586909,1.042299659423983
cafe,0.952564088723956,0.9906341012154399,1.0399658279607014
pretty,0.9508786085620009,0.965716028555015,1.0156039055452646
servers,0.9488739596165764,0.9680481613174075,1.0202073220647545
loved,0.9464650603427206,0.985927463120616,1.0416945161859497
restaurant,0.9444808539294705,0.989035395675974,1.0471735785443785
chinese,0.9428648925612524,0.9817524753972939,1.0412440670374363
seat,0.9425097707707417,0.9847577652569701,1.0448249936461453
cool,0.9422286048683385,0.9965573712970922,1.0576598567991313
lobster,0.939892943766191,0.9715304855418462,1.0336607929503994
entrees,0.9393411630807146,0.9943168275700272,1.058525769603252
eggs,0.9393351116594971,0.9880763254327327,1.0518890576624202
seating,0.9355371981452623,0.9792906981388675,1.0467683167279165
appointment,0.9352351937282126,0.9606119249836748,1.0271340636298134
mall,0.9338791297643576,0.9706839458136933,1.0394106848266569
lol,0.924331851334474,0.9965736212061821,1.078155664296769
online,0.9237302130286142,0.9360603730339973,1.013348226388478
chairs,0.9201543568213467,0.9705157414350035,1.0547314526528235
thai,0.9139668301793114,0.99509596905112,1.0887659553858118
mins,0.9075767678898998,0.9347627843695674,1.029954509019523
employee,0.8988743330899014,0.9859194126425302,1.0968378741591267
store,0.8976569414903989,0.9118664041914017,1.0158295023903126
scottsdale,0.7154358260056842,0.8700007973517303,1.2160430967079052
