word,divergence,score1,score2
et,1.3785089639494512,1.0714712261054429,0.7772682326530979
dog,1.1534900944810573,1.1263345205136939,0.9764579044958505
ribs,1.14413388319567,1.0002299153237124,0.8742245378923481
.....,1.0835499346962516,1.0252472392591623,0.9461928854682335
de,1.0822396896537991,1.008492730287521,0.9318570922215308
fat,1.0808899559580898,1.014374015395313,0.9384618756089579
coupon,1.072187475019669,1.0175181434839886,0.9490114062984392
\nthe,1.0706040672357784,1.056182899253836,0.9865298774558398
desk,1.0696777567671882,1.0096045973543526,0.9438399470936083
toast,1.06496970172333,1.0211410706995159,0.9588451850293104
tuna,1.0607699516525262,1.017879177603023,0.9595663753647192
sent,1.0575460904389062,1.0051291713889146,0.9504353337184221
breakfast,1.0557542791539953,1.0053827604904013,0.9522885962593889
atmosphere,1.0483818547324615,1.0207175274882263,0.9736123559184503
sausage,1.0482104101567467,1.046848751232619,0.9987009679440944
pass,1.046420083236511,1.0125088296046214,0.96759307836772
100,1.0435556505245502,1.010008486524899,0.967853018683969
black,1.042202814512896,1.0111332162888127,0.9701885297262369
job,1.0420252860823886,1.029622687356749,0.988097602916846
curry,1.0388117280870448,1.031328918126091,0.9927967602226311
avoid,1.0358753085098866,1.001677108232001,0.9669861806754716
yelp,1.035262042808001,1.0225600869221092,0.9877306852172039
original,1.032916962823363,1.0212477875920007,0.9887026976500939
worse,1.0326162582940412,1.0003288948039832,0.9687324664600971
9,1.032542046601472,1.011347777344204,0.979473698599464
showed,1.0320410352795948,1.013431736970761,0.9819684511829588
rice,1.0314118097673088,1.002367322288957,0.9718400669807103
finished,1.0298521907066176,1.009663192227653,0.9803962173784259
main,1.0296768067132183,1.0055552987133738,0.9765737094954663
nearly,1.0295465164110222,1.0004430504468067,0.9717317619939411
asian,1.0294154547435637,1.0047187929487515,0.9760090431117879
kinda,1.029378893788998,1.0194228410575004,0.9903280970772085
..,1.0287371664254203,1.0086077836399148,0.9804329196587213
customer,1.0285491006705676,1.0220086974931641,0.993641136652456
today,1.0282768033302057,1.0035432379788238,0.9759465882423108
25,1.028136645407249,1.006965032185517,0.9794077826947354
charged,1.0280664306044576,1.0266781781392174,0.9986496471201535
ever,1.0277718061236343,1.008011224848741,0.9807733767776499
stand,1.027337451930442,1.0143502732103986,0.9873584101352099
40,1.0268854313583184,1.018506597654396,0.9918405369790483
everyone,1.0264937611007952,1.0131752877773899,0.9870252759168037
taco,1.0264043577699353,1.0132489476261874,0.9871830141365237
fruit,1.026173278350413,1.008423509223007,0.9827029513417666
crust,1.0261528072492285,1.0181031075192704,0.9921554570887577
reasonable,1.0258512987926323,1.0186996327037572,0.9930285548234017
...,1.0252363800466833,1.0122942961965447,0.987376487898772
view,1.025021880413239,1.0144456903125465,0.9896819860114316
easily,1.0243596481266404,1.0078748597319367,0.983907225919284
fairly,1.023850924677756,1.023189569489419,0.9993540512857912
value,1.0233212713945015,1.0179579811115755,0.9947589379475937
head,1.0232949813560954,1.0018230602875715,0.979016880313369
real,1.023293159460816,1.0131935653479758,0.9901303023288442
group,1.0231715765359257,1.0049800443575456,0.9822204480699418
style,1.023042810733334,1.001377075696578,0.9788222596264318
3,1.022998600920854,1.0156067513600213,0.9927743307232493
although,1.0228730455009214,1.006089494188838,0.9835917552174188
dry,1.022823026250122,1.0079084052403424,0.9854181802452575
eating,1.0227486634401541,1.0090586395469126,0.9866144788229854
ok.,1.0224575762232089,1.009135736845059,0.9869707656454966
eat,1.0223889709717837,1.0040738694656972,0.9820859750778825
sometimes,1.0220696331141086,1.0151812427037386,0.9932603511666989
garlic,1.0220039684603353,1.006389918726668,0.9847221241643611
forever,1.021695381687825,1.0060646032799683,0.98470113627994
read,1.021694907151295,1.0010667869076455,0.9798099020566078
party,1.0214649457807317,1.004378821049118,0.9832729211098339
thick,1.0213263707863394,1.00803068375334,0.9869819409218203
friends,1.0211731128629313,1.0035492130884263,0.9827415160539281
bit,1.0209045085050785,1.0094707255017101,0.9888003403764853
comes,1.020191823758482,1.0088200735902262,0.9888533215975392
rest,1.0200910564097232,1.001985020027213,0.9822505684480407
7,1.020065127877001,1.0070221829902342,0.9872136155522616
dirty,1.019905954738629,1.0099320371330878,0.9902207477471808
thinking,1.0198136197790046,1.0095417712433337,0.9899277197946259
people,1.0192514695832688,1.017650182233147,0.9984289575262751
15,1.0187122605442351,1.0017782110831615,0.9833770043642875
large,1.0186954992725643,1.0083961281487688,0.9898896469738503
mixed,1.0184755037015867,1.0028833389124152,0.9846906825618262
bunch,1.0183090194475832,1.0113061413963267,0.9931230324807929
rating,1.0182883456088554,1.0026213059025755,0.9846143385870607
run,1.0179226866558513,1.0000138463015045,0.9824064827426313
lamb,1.01788942220928,1.0128577965949943,0.9950568052830682
ones,1.0177315675339547,1.015923129751333,0.9982230699721698
professional,1.0172792311241357,1.0026865090371193,0.9856551459613594
thank,1.0172084013552705,1.0115474677615894,0.9944348340161774
20,1.0170345301340147,1.0099814694311098,0.9930650725280926
city,1.0165957575825526,1.005082080752476,0.988674282039642
onion,1.0165935590166688,1.0040602600963633,0.9876712784483617
level,1.0159172197694812,1.0035996777569574,0.9878754471596427
word,1.015760794155908,1.0061899220318458,0.9905776318803331
8,1.015706159943238,1.0076463461135012,0.9920648174170892
salt,1.0155406846434245,1.0000132306507328,0.9847101605799833
fun,1.0153647433257422,1.000756529964902,0.9856128416346304
without,1.0153460758813604,1.0017113441554955,0.9865713454262091
2,1.015187163422301,1.01246090894735,0.9973145301938604
opened,1.0151509229987723,1.001010457895109,0.9860705784890662
getting,1.0150754480241284,1.0005017943682903,0.9856427877511903
watch,1.0144567090588754,1.0034788914680148,0.9891786238951046
worst,1.014456488432924,1.0046905125207395,0.9903731938988627
think,1.0143952853444902,1.0071560387430598,0.9928634855602942
air,1.0143444007151685,1.0040067998406452,0.9898085888114188
salty,1.0142992153549013,1.0136551461485865,0.9993650106432455
mushrooms,1.0141812934544001,1.0099322285881613,0.9958103497928206
authentic,1.014051428577444,1.0093758668388826,0.9953892262198965
play,1.0139881820401484,1.0097008209747793,0.9957717839898855
45,1.013604439135677,1.0050137000632542,0.9915245644743343
obviously,1.013552062564902,1.0036717007779785,0.9902517471456571
plus,1.0129767062435528,1.0010672876410736,0.988243146630051
anyone,1.012849623386786,1.005386472145417,0.992631530812626
times,1.01238014997304,1.0106293441028658,0.9982706043078572
tip,1.0123700665878896,1.0019703051625257,0.9897273124042323
may,1.0122590894104029,1.0058142629284386,0.9936332243895007
terrible,1.0120631623375043,1.0065496518901647,0.9945522071620456
several,1.0118628983441833,1.00216043819005,0.990411289740922
plate,1.0118553668877144,1.003361529947745,0.9916056807939904
huge,1.0110017605516937,1.0051823837331855,0.9942439498667811
mix,1.0106546493206656,1.004362586767432,0.9937742704122886
bite,1.0099520568287057,1.0046571712527257,0.9947572901701828
waste,1.009663709041531,1.005882374525523,0.9962548574518959
write,1.009626407051028,1.003211851427838,0.9936466047456842
come,1.0094561961132709,1.0064350132430202,0.997007118405055
truly,1.0094356939836788,1.0061486898157108,0.9967437210834144
told,1.0089671602080976,1.00724633752592,0.9982944710689864
guess,1.0088518893367662,1.0048737001702215,0.9960567163440017
say,1.0085360294682968,1.0060211864773603,0.9975064420928399
otherwise,1.0084461059524021,1.003939852185681,0.9955314877610982
face,1.0081862143990692,1.0079337997082154,0.9997496348519265
6,1.0079446266509222,1.006679896594166,0.9987452385544644
paid,1.0079056511926094,1.0034602389068654,0.9955894559371863
total,1.007431321940042,1.0038296970061562,0.996424942469577
way,1.0062979516823922,1.003688981881605,0.9974073585299211
rooms,1.005966598853839,1.004802129478745,0.9988424373369645
side,1.0056156922398602,1.0048785345990408,0.9992669588924397
actually,1.0055566673618281,1.0055282188159862,0.9999717086597252
watching,1.0055456637047755,1.0034601060155497,0.9979259443260469
walking,1.0054292933342854,1.002535723231686,0.9971220551044385
free,1.005420799548838,1.0036924464006562,0.9982809653938358
stop,1.0053520144902324,1.0003022727798663,0.9949771407053611
attitude,1.0049471246300106,1.0010910849221841,0.9961629426928843
happened,1.0045784252972862,1.0033730827215508,0.9988001508439934
night,1.0044080930984671,1.0031631311140758,0.9987605018388983
mediocre,1.0043821916746916,1.0027723978644152,0.9983972298357936
used,1.0039263151565343,1.0020591656130295,0.9981401528027347
near,1.0038289232667115,1.0012675172395533,0.9974483639913236
bottle,1.0031109561748004,1.0003810319478137,0.9972785421092429
opinion,1.0015055448903536,1.0011633749936,0.9996583444809672
yeah,1.0014648829388073,1.0000132582994026,0.9985504987103042
quite,1.0003030116516936,1.0001528216296167,0.999849855473464
