word,divergence,score1,score2
son,1.0880501970169216,1.576889623066916,1.449280214635531
bill,1.051045383462051,1.054560439209899,1.0033443425023854
greasy,1.0494991345552591,1.0513384669796078,1.001752581173045
bartender,1.040704010455396,1.0687164083619465,1.0269167771288714
pizza,1.0403043003064558,1.0867572108846004,1.0446531948050781
\n\nthis,1.0333808292197446,1.0346710638898036,1.0012485568084644
die,1.032453420696411,1.0383871116854027,1.0057471754851557
sandwich,1.0318134631628173,1.0347850738524467,1.00287998828831
bbq,1.0316492982255585,1.0326124289959155,1.0009335835075095
friend,1.0313145387127538,1.0327801232541125,1.0014210839529014
\n,1.0308470418261297,1.1086570432163785,1.0754816167997239
beans,1.0256158611978248,1.0287301149854657,1.0030364719437976
rolls,1.025454582257001,1.0269362319920767,1.0014448711436978
literally,1.0241093606101834,1.0255479829614322,1.0014047546156513
rare,1.0233720507436508,1.027113904864923,1.0036563966336125
fish,1.0226476216300981,1.0227422744710064,1.0000925566528551
money,1.0202054118244992,1.0290807944012292,1.0086996035051976
local,1.017955214166142,1.0234502466181619,1.005398108262082
meal,1.0175887109415627,1.0190580217163943,1.0014439141855966
bucks,1.017043876336148,1.0243159446386354,1.007150201158169
general,1.0161729164990565,1.0173472141744113,1.001155608121697
basically,1.016112925632187,1.0244659297813108,1.0082205470852827
perhaps,1.0150009203297394,1.0168751917399712,1.001846571143623
hell,1.0148475837121385,1.0197939487346992,1.004873997930278
soup,1.0148002992935512,1.0185953142818653,1.00373966680041
went,1.014599434752795,1.0151375730809078,1.0005303948629185
however,1.0142407340614392,1.017554210646975,1.0032669527798073
\n\n,1.0140537770430933,1.0998878656193862,1.0846445134562577
got,1.013415975612517,1.0172736660565582,1.0038066209107368
dollars,1.0131254413924182,1.0174180584175807,1.0042370044712952
paying,1.0127868140316698,1.0171550982542348,1.0043131329930886
lines,1.012403862471592,1.031618470287929,1.0189791925224663
pay,1.0123419160607385,1.0135400382037338,1.0011835152965487
came,1.0121106747865618,1.0149185482967644,1.0027742751659
cheap,1.012030775343267,1.0192769626041462,1.0071600463517738
movie,1.0117771972527196,1.0393686328196468,1.027270268238745
liked,1.011438122441697,1.0193176867736815,1.0077904561407696
big,1.0113580770620036,1.0133062078278905,1.0019262522444534
saying,1.0113531603509651,1.0172137569087774,1.0057948071826646
....,1.0111778430058085,1.0112419737034548,1.000063421778958
italian,1.0111569271498269,1.0199415059518482,1.0086876513092609
car,1.0102424823552476,1.0235562622556535,1.0131787963117198
received,1.0096015994097725,1.010879343189465,1.0012655920716047
mistake,1.0094106445002649,1.012219480157027,1.0027826491349838
said,1.0093330298874852,1.0148821049367052,1.0054977642511496
chips,1.0093044925251562,1.019079138117258,1.0096845359002087
saw,1.0087240053653412,1.016710305964248,1.0079172306363564
crowd,1.0085822967626772,1.0232845928938015,1.01457719035751
game,1.0082764800812054,1.065581757010523,1.0568348841427921
cut,1.0082325373287064,1.0083845898654196,1.0001508109796933
poor,1.0078187328228512,1.0167212895996574,1.008833490077993
spot,1.0078150914857438,1.0100874199424923,1.0022547077097235
50,1.0074663833170465,1.0150359688510835,1.0075134869603435
dark,1.006974299603884,1.010693749849593,1.0036936893495416
etc,1.0065697558979267,1.0139668633232128,1.0073488274229812
thought,1.006549453313777,1.0072503083478999,1.0006962946845934
highly,1.0064720657931312,1.013146991251593,1.006632002700643
go,1.006266826102563,1.0077356755437923,1.0014597017442366
bad,1.0055820807573428,1.0082761914753045,1.0026791554558456
deal,1.0055261562658364,1.0080541957565325,1.002514145927426
30,1.005387383940467,1.0096430139421175,1.0042328261420699
fee,1.0053202152793568,1.0088093724737033,1.0034706923638026
gave,1.0051786170717651,1.0058635984896338,1.0006814524366467
kids,1.0050264829095852,1.011309303509873,1.0062513980548045
5,1.0049556895310348,1.0058453975206025,1.0008853206154622
chili,1.004771650069374,1.0176919781403146,1.01285896956791
excellent,1.0042656031222046,1.0114294416017122,1.00713341018276
first,1.0035747547277896,1.0059962063495083,1.0024128263592835
10,1.0034837293616161,1.0139312506051321,1.0104112512618042
business,1.0034342246198031,1.0262127254508377,1.022700542070573
inside,1.0033826469948655,1.0051314644280978,1.001742921744232
cash,1.0033698025183757,1.0175370463774742,1.0141196633818756
decent,1.002933312212607,1.011753242446877,1.0087941342927498
person,1.002846679170849,1.0087820598454285,1.0059185325113573
simple,1.0027533860231201,1.0032174580453548,1.000462797761347
returning,1.0026904987817873,1.0034057497813726,1.0007133317812968
n't,1.0026381564053894,1.0031450757496665,1.0005055855305711
noodles,1.0026023309153518,1.045103994986707,1.0423913477565447
burger,1.002535728441295,1.0654487033732158,1.0627538482142034
bun,1.0025290247735308,1.008212506163758,1.0056691439846452
company,1.0025141765844796,1.024373511092036,1.0218045141087482
overpriced,1.0024294526784734,1.0034044753959845,1.0009726596868298
though,1.002274477422079,1.003142215761875,1.000865769167372
friendly,1.0022306105402148,1.0043585147735916,1.002123168271851
let,1.0017242286807297,1.003691268010029,1.001963653541544
stuff,1.0016919462537812,1.0023788549776682,1.0006857484743248
super,1.0015098913475564,1.0124614134883263,1.0109350114615787
sort,1.001471402416869,1.0094656491628036,1.007982501274267
world,1.0013647168926645,1.0143450427396064,1.0129626355192753
average,1.0013236496611777,1.0068487676541926,1.0055178143399335
card,1.001225019771727,1.0105813522278446,1.0093448847874884
took,1.0011762198697984,1.008831345939277,1.007646132536462
fair,1.0011403545234134,1.0061693382841321,1.0050232554686227
1,1.0010625603571552,1.0047562989612544,1.0036898179498206
see,1.000844128304711,1.0032594369897816,1.002413271574228
seeing,1.0008106093859053,1.0066019508432218,1.0057866507439106
forget,1.0006341162970913,1.0032505677134318,1.0026147933332743
beef,1.000464428565592,1.0284405775229497,1.02796316206611
goes,1.000413507512812,1.0052661115530828,1.0048505982814397
mess,1.0003238602178453,1.008326666485599,1.0080002153162786
corn,1.000193537238927,1.0069139959444944,1.0067191582982224
sour,1.0000474938955561,1.0196669169343218,1.0196184912801898
establishment,1.0000415717323516,1.0123228816275645,1.0122807993611087
believe,1.0000262035632608,1.006508738282763,1.0064823648584447
're,0.9998044658035881,1.0048305503376023,1.0050270674976176
twice,0.9996908344003447,1.003365250135718,1.0036755520896392
bread,0.9996085330181285,1.0122402905521777,1.0126367043865763
whole,0.999448644873944,1.0009895064378422,1.0015417115944887
amount,0.999335290261503,1.004113722527105,1.004781610648766
one,0.9992258432097002,1.002515183504987,1.0032918887333027
taking,0.9991513610961844,1.002100043299991,1.0029511866956489
sunday,0.9990821578295555,1.0084017408257453,1.0093281447608233
fact,0.9990159419658583,1.000806242868502,1.0017920643980123
prices,0.9989684807712186,1.0122266031268394,1.0132718124854003
usually,0.9987552510901267,1.0050446764355612,1.0062972638577565
strip,0.9987427345997606,1.0061365126161144,1.0074030856598089
pepper,0.9987417337341963,1.0043874811285411,1.0056528601976369
always,0.9987101613676174,1.0095679571738765,1.0108718186980201
cheese,0.9979866194279357,1.0026664056070287,1.0046892273783947
idea,0.997917997300819,1.0009106316439338,1.002998878015237
behind,0.997903539363509,1.004704546020461,1.0068152946539202
overall,0.9978230068192815,1.0055382496850365,1.0077320755414816
friday,0.9977960057375125,1.004711695946482,1.0069309660183072
fries,0.9977285185417998,1.0049977825433176,1.007285813592
standing,0.9975465210767198,1.0079307376395703,1.010409756681465
roll,0.9974203538990317,1.0242012022925824,1.0268501121807483
next,0.997407748096087,1.0019242522362317,1.0045282424853488
get,0.9973407457439859,1.005598962934784,1.0082802364448047
\n\nso,0.9972444684327337,1.007007858911333,1.0097903681470837
mean,0.9971112249937527,1.0024798180902028,1.0053841466848232
days,0.9970648000492822,1.000046181759478,1.0029901584230516
show,0.9969154662887948,1.0033918263050885,1.0064963983760862
solid,0.9967610782514936,1.00283771096061,1.0060963784017087
nights,0.9965820916506924,1.008061304243221,1.0115185820502903
things,0.9965701464921167,1.0030563569766142,1.0065085338019895
fast,0.9964875231970182,1.0100489148939162,1.0136091936739853
mouth,0.9964604097593325,1.0030765224172693,1.00663961417146
fantastic,0.9964097995101621,1.008184871760436,1.0118174994425613
tomato,0.996359921687727,1.0124442014406991,1.0161430416889181
paper,0.9963510719638317,1.016426813112628,1.0201492643644439
4,0.9959504336061068,1.008231522314841,1.012331024009164
flat,0.9959084187120311,1.0007631728002904,1.0048746993167683
dinner,0.9958884107887959,1.0003390567701131,1.004469020758854
clean,0.9958262890864478,1.0002693324114722,1.004461665025032
sign,0.9957271761502648,1.0036208404185236,1.0079275372384409
pork,0.9954980617858613,1.0226043471585802,1.0272288680543404
else,0.9953482358119617,1.0013230858026465,1.0060027734773758
except,0.994991308635076,1.0060233403217977,1.011087565882214
means,0.9947500095116031,1.0114963946315187,1.0168347674891078
works,0.9947439011802798,1.0024319725923205,1.0077286941924637
talking,0.9943277121194033,1.0000898008025483,1.0057949593608964
says,0.9942088543165513,1.0141505730989493,1.0200578768694497
someone,0.9941571881171838,1.0040018745190444,1.0099025451101
great,0.9940456143454669,1.0038619717386141,1.0098751578916334
elsewhere,0.9939050773469107,1.0023917946781897,1.0085387604155651
area,0.9938647436539024,1.0013847092847032,1.007566387356849
fan,0.9935596052665058,1.0214342598808654,1.0280553420918142
plates,0.9934885300126832,1.0075485300002496,1.0141521512959861
kind,0.9934826139312579,1.0031210902713887,1.0097017061043383
drink,0.9930497372842434,1.0083612659248464,1.0154186926049409
low,0.9929117960151923,1.0007541741645931,1.007898363360043
stick,0.9927892634244968,1.0053295419507122,1.0126313599352992
cup,0.9927221062207964,1.0091155855044116,1.0165136639759376
save,0.9927189209831151,1.0014690333436553,1.008814289901793
walk,0.9927142900382434,1.0014417279417427,1.00879149015087
hope,0.992705160252973,1.0027998546293038,1.0101688746875843
put,0.9926278472001284,1.0008176172657648,1.0082505947105322
eaten,0.9925785780471971,1.0071743535970206,1.014704906868471
done,0.9925154961613731,1.0004641114960673,1.0080085553983147
makes,0.9923995348684207,1.010538799910369,1.0182781877707685
groupon,0.9923449992003051,1.0026457433846834,1.0103802046593466
12,0.9923113223590039,1.0132585437298345,1.0211095257091627
every,0.9922955803582448,1.0013226984553305,1.0090972067958084
reason,0.992286057735665,1.0012853790628011,1.0090692812389928
problem,0.9922757670020655,1.0057954022791618,1.013624877001625
back,0.9921364798612483,1.0015681420713196,1.0095064161045568
finish,0.9920433573668018,1.0067186862582962,1.0147930317586595
crab,0.9918290216141936,1.0051142319692659,1.0133946578145603
understand,0.9917501243683958,1.0024486826701917,1.0107875542829998
pool,0.9915838300719464,1.0003144715430632,1.0088047436901864
takes,0.9915833760826182,1.01475531929217,1.0233686281642758
seems,0.99143139114118,1.004912047218093,1.0135971648642235
good,0.9912778003769845,1.012066596340941,1.0209717154525708
cheaper,0.9911500759056845,1.003376003360284,1.0123350920832326
shows,0.9909710382079079,1.01194447893388,1.0211645344993139
would,0.9908981510010431,1.0044561699052945,1.0136825554579496
might,0.9906573749052506,1.0033759626086927,1.0128385333068948
prefer,0.9905584370982363,1.0130167323426769,1.0226723577361376
speak,0.9905072324731925,1.0093980456550902,1.0190718578952012
later,0.99026939263072,1.0026644680428212,1.0125168721807838
park,0.9901035666010854,1.0095748852717614,1.019665941349468
customers,0.9900689972853274,1.0078171225326682,1.0179261498905676
potatoes,0.9900242900640072,1.0004345007512727,1.01051510633804
specials,0.9899414294614388,1.0058401459273445,1.0160602597211787
impressed,0.9897267508599882,1.0048995150480307,1.01533025572448
dogs,0.9897044695043906,1.0343832910422797,1.0451435988363906
sat,0.9896722547350381,1.0178072767961488,1.028428625665214
gone,0.9895389562578707,1.0007785181529754,1.0113583824305505
quality,0.9894307952659924,1.017024213172858,1.0278881737246186
keep,0.9893107657233751,1.0002050944277499,1.0110120389687753
different,0.9892749173892986,1.001738398191256,1.0125986018475517
bowl,0.9890667876556487,1.0023062149035527,1.0133857767879204
last,0.9890285530883891,1.0112609935916441,1.022479068408926
meat,0.9889909909595943,1.0247985050097312,1.0362061074139752
soon,0.9889736550143753,1.0006267061148268,1.0117829742393716
never,0.9888990800054488,1.0038061912953027,1.015074451570702
simply,0.9888057381883107,1.0046729475951892,1.016046841956996
many,0.9887448541756804,1.0050608285810543,1.016501703484441
\n\nthe,0.9887010200641513,1.020277126256501,1.0319369612770308
extremely,0.9886690661867201,1.0040421043211136,1.0155492253779994
light,0.9885947922713093,1.0006878375926862,1.0122325602116444
steak,0.9884619988177661,1.0333466057686653,1.0454085306310033
prime,0.9881393773033387,1.0051429219954233,1.0172076379938302
sauce,0.9875294522635353,1.0122316819012886,1.0250141700393167
well,0.9874174726876561,1.0004810386611782,1.013230033227956
drinks,0.9873923898826353,1.0045085504070799,1.0173347097869359
rate,0.9873142585434306,1.0205335973972778,1.0336461654092337
still,0.9870700067326633,1.0027326528327287,1.015867816865301
music,0.9870339226446652,1.0030257942820757,1.016201947339927
drive,0.9867005920816869,1.0003691595300355,1.0138528015063935
station,0.9865312378076228,1.0096043193292075,1.0233880901458936
treat,0.9859373144008582,1.0018900523404517,1.0161802760749428
meals,0.9855199452260673,1.0065340012144355,1.0213228114663349
onions,0.9853324121531297,1.0181645046261332,1.0333208286544227
spent,0.9848063899908475,1.0005542245427475,1.0159907924156
tender,0.9845300091626634,1.0052436782974654,1.0210391445075593
airport,0.9843556703203339,1.090845149089047,1.108181912269636
management,0.9842884549436021,1.0088365216937976,1.024939911290133
quickly,0.983958958459295,1.004542069178128,1.0209186679402384
return,0.9838971058004012,1.007614478593998,1.024105541782545
old,0.9835148614687769,1.012577304136878,1.0295495714469423
hungry,0.9832929562174573,1.0017414028065732,1.0187619025158927
start,0.9831530797390241,1.0089718677978743,1.0262612085451674
disappointing,0.983071627824477,1.0056801535292537,1.0229978417287955
bacon,0.9828143542891531,1.0163223433561421,1.0340939150112685
sandwiches,0.9819834257634755,1.0111201625600614,1.0296713121954504
hear,0.981206523622556,1.000957508062543,1.0201292836568876
tv,0.9811909704542937,1.01236603623548,1.031772679039996
seen,0.9807490353701795,1.003271263144258,1.0229643129504353
often,0.9806956084773535,1.0081065347981932,1.0279504935923987
immediately,0.9805381277119688,1.0050227011286548,1.0249705470136274
double,0.9803764916055137,1.0021887141373758,1.0222488224866972
rib,0.9799747324264261,1.0013836402039442,1.0218463875333903
best,0.9799163340875884,1.0003567952461083,1.0208593942640545
medium,0.979268582215585,1.0178015790934603,1.0393487523011253
price,0.9791045944561391,1.001252816035249,1.0226208943401114
restaurants,0.9788588988838761,1.0161551073560449,1.0381017208043928
oil,0.9787121457728315,1.0285378445183233,1.050909451732764
places,0.9786597628666022,1.0039645530817911,1.025856575671476
knows,0.9784207374560551,1.002579836862277,1.0246919331135977
finally,0.9783795812859131,1.0031042379405821,1.0252710268362026
others,0.978243415228866,1.0190278191424873,1.041691467868536
sushi,0.9780402571334134,1.0005100775950133,1.0229743308598134
pulled,0.9778286074621777,1.0119247040612056,1.0348691952135862
ago,0.9777874531600991,1.0068376771838925,1.0297101623976728
club,0.9773559532344398,1.0218668028465576,1.0455421072177589
dont,0.9769876480442137,1.0018406487663452,1.025438398092221
bar,0.9767235296832449,1.0205768637772097,1.044898410615936
chance,0.9765528560420337,1.009840935726941,1.0340873302238076
shot,0.9763841657784528,1.0085248231288622,1.0329180444305794
sides,0.9763746919486542,1.0187900618693586,1.043441693307363
\n\nwe,0.9757391002107856,1.0239517024786315,1.0494113664784273
plan,0.9747486028776531,1.000055272685465,1.02596225296769
potato,0.9746951206492249,1.010198206740713,1.0364248115532169
typical,0.9746508715615188,1.0011209492457422,1.027158522560817
rock,0.973793444737672,1.0293610883673088,1.0570630701304484
gets,0.9736788663136814,1.0227438528414559,1.0503913438252317
interesting,0.9731684848907833,1.0050361417033504,1.0327462893705848
decided,0.9721920082899292,1.0002223226762565,1.0288320765314993
guests,0.970971409381503,1.026794719186976,1.057492228160489
\n\nit,0.9707980053428866,1.0341447025559465,1.0652521913564148
burgers,0.9706072323112784,1.0216968194923142,1.052636726247524
casino,0.969679595565155,1.0386992887395725,1.0711778338845945
mac,0.9696232465211904,1.0071814593788262,1.038734851904992
heat,0.9680711023660286,1.00272071421359,1.0357924245056749
tacos,0.9679659134850787,1.0252092206511236,1.059137730335922
greeted,0.967912408236474,1.0061279201871316,1.039482407318536
beers,0.9674240682545812,1.021728942100547,1.0561334740657655
playing,0.9670478449994028,1.0050006257410153,1.0392460217329123
games,0.9658422471894799,1.0081074906474203,1.0437599862513043
grilled,0.9649101747308507,1.0020472482281964,1.0384875965347806
burrito,0.9644740015004722,1.0084708248149838,1.045617427992941
guys,0.964339568717561,1.144540325136065,1.1868644223094011
years,0.9613991611363568,1.0077950989534843,1.0482587666940424
wall,0.9611197226541913,1.0045098064691844,1.0451453474445085
charge,0.957313306025222,1.0154006192394285,1.0606774321934225
place,0.9563373385703191,1.00059284333601,1.0462760398248707
remember,0.9556104499406493,1.0017285987516475,1.0482604065431291
fix,0.954209560899866,1.0069467325545336,1.0552679136907137
\n\ni,0.9534336075827853,1.044449021086276,1.095460672646352
joint,0.9462757362335175,1.0250177910845792,1.0832125899840575
hotel,0.9390576212881733,1.0300093188364254,1.0968542243696262
\ni,0.9359366441399654,1.0153840868122885,1.084885492164192
grill,0.9271859978646328,1.0147821237950216,1.0944752467489027
boyfriend,0.9132998612159875,1.1364537393804128,1.244338018257567
chain,0.912508568432278,1.0066394431997852,1.1031561543901196
manager,0.912006086139026,1.0989838698725536,1.205018131540215
beer,0.896004460023745,1.045616024806001,1.1669763616782567
combo,0.881186222523871,1.0081619029233004,1.144096306948319
husband,0.8787009907989026,1.1347566545014656,1.2914024979871261
man,0.8569587754724964,1.168661426533382,1.3637312085275324
owners,0.8348240796779428,1.006318337449563,1.2054256243276775
chef,0.8031836467209049,1.059712032464267,1.319389453197498
owner,0.7901117378164305,1.0377185316589532,1.3133819964842113
guy,0.7748984495115203,1.2900894419590232,1.664849688074958
waiter,0.7157693579584073,1.2012789103934491,1.6783044664273743
