word,divergence,score1,score2
lady,2.1482769849658525,0.7181576721932652,0.3342947288543803
woman,1.7635795911210776,0.5843582761674204,0.3313478331850925
n,1.4804255088447142,0.993593403105599,0.6711539332235457
waitress,1.2824667860299277,0.6464534560262923,0.5040703299829604
reservation,1.1372927095593584,0.9778906581933631,0.8598407867858793
bed,1.1052976734548206,0.9998407205944132,0.9045895459720082
ambiance,1.0682611684073073,0.9896657252080203,0.9264267526297276
girl,1.066658360496602,0.7094552465925074,0.6651194729887155
tonight,1.0652818705529192,0.9927517448052641,0.9319146155092178
stayed,1.0547037988498527,0.9979007895976028,0.9461431642569286
delivery,1.0464516670016246,0.9911319251020495,0.9471358843948507
portions,1.0463036751883623,0.9972401026816037,0.9531077127317498
mom,1.0455628138029995,0.8519104769884278,0.8147865109029605
smaller,1.04272410418443,0.9974626335065881,0.9565930522789216
window,1.042422745843135,0.9961962950352581,0.955654794571383
turn,1.0419667903292145,0.9880689071427629,0.9482729356763643
reading,1.0388743862017153,0.9978359055440726,0.9604971677012023
nails,1.0361654261599753,0.9578440006118936,0.9244122380744351
wife,1.0354542016156274,0.8183227364623571,0.7903031685858454
craving,1.0330503623998086,0.9901317713570603,0.9584545026991258
beautiful,1.0318547735194832,0.941918390269627,0.9128400763771258
upon,1.0291240236833474,0.9973956745456284,0.9691695574026541
white,1.0286796312972692,0.9921198503877459,0.9644595073167553
--,1.0265598657052606,0.989356716176685,0.9637593960455326
must,1.0257370612721517,0.9960346899029717,0.9710428993056542
number,1.0256935583381381,0.9998624840897479,0.9748159925170607
lettuce,1.0253197946699355,0.9962335229569853,0.9716320002167583
wings,1.02499023228326,0.9616062929023064,0.9381614210705598
crazy,1.0243749129330613,0.9943834185879352,0.9707221506828468
cake,1.0243397074930416,0.9871141936699568,0.9636590151189295
server,1.0242806880055841,0.9490703853867581,0.9265725659972455
three,1.0235452008940849,0.9951392251196233,0.9722474632779788
tea,1.0225257326045454,0.9583200360857987,0.9372087229969226
apparently,1.0224160556941353,0.9909813770002814,0.9692545138363342
checking,1.022394719903777,0.9863981508844232,0.9647919063757081
located,1.0223367389302935,0.9814970781613107,0.9600526331356195
shopping,1.0222461363930662,0.9571925496335104,0.936362110411986
reviews,1.0215670300803203,0.991176132466947,0.9702507062987498
helpful,1.0213694845389685,0.9820363490999928,0.9614898075237385
eye,1.0208625273160592,0.987635405482487,0.9674519135099127
downtown,1.0201188235986256,0.9876709613022472,0.9681920757212248
alone,1.0190652909978815,0.9837238695326218,0.9653197672637315
brunch,1.0182984147787109,0.9962752502784481,0.978372582947555
office,1.0177907656010865,0.9934577976446569,0.976092367135932
visiting,1.0169446231498105,0.9926504220523302,0.9761105958530631
live,1.016729443419181,0.9954623802850651,0.9790828688283124
red,1.0166883307862002,0.9886575551597486,0.9724293327879788
along,1.0162067221447062,0.99100342150425,0.9751986479805362
barely,1.0161775274002371,0.9908654188993814,0.97509085979729
clearly,1.0158461395917973,0.9973036914601554,0.9817467947074221
space,1.0156402391353814,0.9942683484730469,0.9789572233958271
hair,1.0156009115216191,0.958310885812352,0.9435900213761795
made,1.0155458778707545,0.9990005498993549,0.9837079463055974
loud,1.0150282618613529,0.9971150479749809,0.9823520048067205
complaint,1.0139935380744336,0.9870163357494116,0.9733950944339828
due,1.0138907430211055,0.9912733520569063,0.9776924771037895
cute,1.013878936891787,0.958964155647101,0.9458369443860463
tried,1.0135436113677598,0.9967554544292918,0.9834361770424336
horrible,1.013400611082742,0.9871782706664509,0.9741244083242909
looks,1.0133615481110514,0.9909240216786035,0.9778583206810321
dishes,1.012999954590085,0.9826411226071203,0.9700307666891758
stopped,1.0128481530088076,0.998675768324531,0.9860073944527858
expecting,1.0126948667738773,0.9949910597946277,0.9825181231187157
late,1.012511651673559,0.9891455521518235,0.976922636413009
portion,1.0124170642667363,0.9944020145716876,0.9822059007785529
limited,1.0121883270580603,0.9952192410516277,0.9832352482706914
cooked,1.0120719789916333,0.999005421547373,0.9870893002518665
staying,1.0116470138943023,0.9726950569372517,0.9614964939133201
help,1.0115952636655514,0.9800949792274609,0.9688607829934394
massage,1.0115333214950386,0.954624427250371,0.9437399707598789
noticed,1.0111133956928289,0.9891086167797537,0.9782370810170137
chose,1.0108758135894904,0.9966015882990742,0.9858793482853939
dish,1.0108459043270055,0.9963431056670409,0.9856528095945345
half,1.0104117393430738,0.9993173544048826,0.989019936619695
pie,1.0103375202143168,0.995950390062613,0.985760075357142
thin,1.009849051564185,0.9919204734603744,0.9822462792077287
slightly,1.009643527185116,0.9972637890080812,0.9877385058748909
blue,1.0094816613674236,0.9960890711053368,0.9867332010331467
matter,1.009423828818606,0.9908393220553142,0.9815889953925079
unique,1.009324349736405,0.9987038430146012,0.989477607743658
center,1.0091949402990585,0.9762753851886484,0.9673803803448965
fried,1.0091914491795333,0.9963382213695389,0.987263835994207
butter,1.009135380398239,0.9946788707340657,0.9856743605020881
toppings,1.0091294787250384,0.9876413299779151,0.9787062520715657
called,1.0089803095969676,0.9954950534211633,0.986634767747657
wanted,1.0089389911897726,0.9950738164454993,0.9862576678418156
wish,1.0087970002069881,0.9942374020412228,0.9855673657209746
started,1.0087900656943014,0.9982666429990914,0.989568272871554
make,1.0085208069868263,0.9956111027491894,0.9871993674813637
pancakes,1.0081954132481488,0.9904254429144086,0.9823744781019288
item,1.008193305745757,0.9860710270058516,0.9780575028480856
asking,1.0081516385412286,0.9964287432158971,0.9883718928014695
stay,1.0081513541723175,0.9852452597029715,0.9772791115396045
course,1.0081128200463085,0.9859368323760619,0.978002474297244
event,1.0079601121760846,0.9861653029523514,0.9783773098156826
ordering,1.0079447308997995,0.9823983728824112,0.9746550011779089
entire,1.007835700558704,0.9992078159225388,0.9914391952662699
supposed,1.00771859423243,0.9929733718973999,0.9853677183100293
middle,1.0069079509370573,0.9936188693943477,0.9868020889790945
hostess,1.006683497423699,0.7518400343701495,0.7468484745148362
kitchen,1.006530692916768,0.9631987637132183,0.9569492222060505
yum,1.0063496063666697,0.987325613906931,0.9810960402434865
special,1.0062666978969632,0.9966283576089808,0.9904216841239744
piece,1.0061980771470695,0.9941988870106555,0.9880747236464255
stars,1.0060987704705677,0.9988029449454188,0.992748400316863
normally,1.0059952327757782,0.993508308205959,0.987587491309114
could,1.0054780746415577,0.9980078690965019,0.9925704938442155
pleasant,1.0053637148891403,0.9923882736745531,0.9870937840480765
try,1.005242968072985,0.9996836243819149,0.9944696517482463
awful,1.0047520256542257,0.9837437673899402,0.9790911013584607
line,1.0045621812442664,0.9965879219578833,0.9920619555112994
family,1.0044905970347162,0.9842367145182392,0.9798366629052906
pho,1.004051319343632,0.9892082515754165,0.985216823600293
comfortable,1.0036989874210236,0.9806190488058307,0.977005119159783
hands,1.0036553021173984,0.9936667269279946,0.9900478030970086
coffee,1.0033920452222485,0.9900958893394323,0.9867487928112175
bought,1.0032888592714202,0.9862611483500889,0.9830281072455079
sad,1.0032836427766347,0.99221088243621,0.9889634796499022
lack,1.0031640688015593,0.9933484441813712,0.9902153347339141
frozen,1.003158632085247,0.9784404905776495,0.9753596881719331
dance,1.0031180464803162,0.9167072809837359,0.9138578297940372
complete,1.002908833801084,0.9954876295118542,0.9926003201496361
dressing,1.002821442804195,0.9908188409149414,0.9880311674871145
end,1.0027972489664274,0.9948859927048772,0.9921108117620943
ok,1.0025984363886895,0.9984057376012782,0.9958181674384878
section,1.002434324207463,0.9868065584213799,0.9844101848782576
floor,1.0023923392621978,0.9899037805445149,0.9875412468466439
parking,1.0022543794351744,0.9928408129940318,0.9906076075751871
set,1.0021510099859314,0.9953661176974226,0.9932296707573003
salads,1.0020950279434553,0.9747093784823948,0.9726716042915984
plain,1.0019994758688968,0.9977379509433559,0.9957469788875435
trying,1.0019664289672983,0.9979479063161198,0.9959893639796693
glad,1.0019450383442694,0.9876749509565128,0.9857576145979643
take,1.0018446556978708,0.9988271322681579,0.9969880326130892
hand,1.0017693015946074,0.9925506819269687,0.9907976620435818
across,1.0017568709265359,0.9838718657854002,0.982146361397458
credit,1.001753958917914,0.9917577296075863,0.9900212729669413
easy,1.0015715337048494,0.9969091806803347,0.9953449625237766
attention,1.0014444366785002,0.9798164930505621,0.9784032515077203
top,1.0014334849249567,0.9986914013746967,0.997261841558588
hot,1.0014253403381903,0.9893026539063027,0.9878945679287546
two,1.001324139523925,0.9956730125835294,0.9943563460448657
ahead,1.0012995811622905,0.9918669829750998,0.9905796443295807
added,1.0012495430315227,0.9874357048501822,0.9862034012624706
know,1.0011891319037836,0.9968466037014911,0.9956626295033437
already,1.001148940060822,0.9911956276346882,0.990058110209327
maybe,1.0011325755076441,0.9998311462469771,0.9987000430387484
pieces,1.001097667278883,0.9941862389671743,0.9930961498187336
coming,1.0010662600727092,0.9978821993717623,0.9968193307197112
turkey,1.0010251772845502,0.9815106404546232,0.9805054485414008
tasted,1.0009933902832744,0.9940971613169365,0.9931106148818962
'd,1.000948442509946,0.9922869886772572,0.9913467532743548
waiting,1.0008576564926017,0.9899381524878393,0.9890898531535157
corner,1.000741251097034,0.9996766956301338,0.9989362330515175
felt,1.0005619739219145,0.9868031611524746,0.9862489149817384
seated,1.000375162026074,0.9908603337501801,0.990488739987683
shrimp,1.000303034438392,0.9716421136239959,0.9713477618005153
four,1.000235566595071,0.9926594762556736,0.9924256939140973
spicy,1.000228425237089,0.9995537278794269,0.9993254567250455
especially,1.0002263630877566,0.9920357521093512,0.9918112426539925
single,1.00010870721338,0.9937407126695983,0.9936326976279158
worked,0.9999881544234586,0.9924654577251522,0.9924772141899585
glass,0.999857472031196,0.9904854557392051,0.990626647743151
name,0.9996863190575218,0.9954816626977406,0.995794024305799
serving,0.9994207554550016,0.992824185595387,0.9933996068986866
like,0.9991297194546251,0.9958354389607963,0.9967028500607238
yet,0.9990247812860251,0.9969835199935375,0.9979567460880601
nothing,0.9989686510394807,0.9959189437343158,0.9969471441351122
around,0.9988778447952261,0.9970437133304877,0.9981638080429
lunch,0.9988668189991513,0.9747814015055598,0.9758872584057555
ca,0.9984656169845821,0.9856524823298501,0.9871671748763584
evening,0.9983663909166964,0.9779801823857246,0.979580433880338
vegetarian,0.9981477216101347,0.9655741992490763,0.9673660304423545
dining,0.9981111342551574,0.9914341735006937,0.9933104034958529
gross,0.9980790574067062,0.9894265008724414,0.9913307904117871
front,0.9980534823034275,0.9947040097870881,0.9966439949604613
plenty,0.9979290743667873,0.9936414219666939,0.9957034497638882
wine,0.9979252992136868,0.9834232276830887,0.9854677784579416
lot,0.9976778020399861,0.9954995521274148,0.9978166799861464
past,0.9975877217482844,0.9899169240693256,0.9923106534776556
issues,0.9975179785994489,0.9774537565279489,0.9798858541881411
short,0.9975068011792371,0.9926704817371331,0.9951515925140696
lots,0.9974149711071272,0.9956320886013708,0.9982124967466877
full,0.997249018303902,0.9938477276207363,0.9965893266167857
covered,0.9972042619841712,0.9892444524348455,0.99201787451902
sit,0.9971301474641524,0.9943772608999879,0.997239190319172
call,0.9970916371582762,0.9742896943142623,0.9771315473981912
attentive,0.9970468562152607,0.9662096724087019,0.9690714798263191
green,0.9969513803899495,0.9962195071554079,0.9992658887394736
small,0.9968973349104786,0.9943744706640657,0.997469283788747
hours,0.996634678290068,0.9919726528016644,0.9953222323184636
certainly,0.996507684573859,0.9963466380783379,0.9998383891082687
rude,0.9963775996139556,0.9797816528186358,0.9833437174804514
moved,0.9962439781362787,0.9813740216127106,0.9850739810228152
away,0.9961982482919579,0.993500914855409,0.9972923728372605
change,0.9961155572493117,0.9840250461707636,0.9878623408794709
turned,0.9960387108900818,0.9933834895297062,0.9973342187092279
totally,0.9960044205611686,0.9877870247524136,0.991749639219347
note,0.995945357275493,0.9917584278179556,0.9957960249255128
hate,0.9958855944622049,0.9932479596620026,0.9973514680653387
egg,0.9958461796697006,0.9744287068824904,0.9784931917956307
baked,0.9958191249713687,0.9820066849569742,0.986129569448878
water,0.9956482958085057,0.9913269226447077,0.9956597393055457
wo,0.9956031787377111,0.9524432713200852,0.9566494881300532
miss,0.9955684114108286,0.9575041907247197,0.9617663434779256
salsa,0.9953399568722061,0.9788307945943264,0.9834135441223935
also,0.9950190484919936,0.9944090769036903,0.9993869749637178
unless,0.9948876328711083,0.9907121540228017,0.9958030648785363
mind,0.9947259186535907,0.9924621767053019,0.9977242555905722
want,0.9943801212790586,0.9940937957478029,0.9997120562598462
expensive,0.9942361774470408,0.9921195400979047,0.9978710920029372
option,0.9942165794599884,0.9812419878408585,0.9869499343632178
mention,0.99404899224951,0.9891229066216332,0.9950444236991486
phone,0.9940316324519467,0.9867824772159031,0.9927073193655193
day,0.9940278683292892,0.9933313601343673,0.999299307175268
excited,0.994017234865377,0.9816695071703224,0.9875779541219657
leaving,0.9939785882522179,0.98609570912078,0.9920693672634349
included,0.9939751016522698,0.9841556199136204,0.9901209982802119
despite,0.9939683062586246,0.9885448935099734,0.9945436763783089
leave,0.9938473799644748,0.9869431309542179,0.993053008792453
seriously,0.9938468894124297,0.9852914242362025,0.9913915661784832
looked,0.9935626366501151,0.990543571023385,0.9969613736312497
room,0.9935153363181441,0.9803842276830552,0.9867831847631549
've,0.9933322469137509,0.9863967300186547,0.9930179283752797
crowded,0.9932381086431685,0.992729965424306,0.9994883973798019
closed,0.9931972230046289,0.9795966368978127,0.9863062584230033
'm,0.9931704002125501,0.9929555494272917,0.9997836717795734
ingredients,0.9930736857507002,0.9877211175071376,0.9946100996125817
house,0.9930066420777028,0.9819207839985011,0.9888360685523649
knew,0.9929688009711256,0.9888729502618664,0.9958751466257012
trip,0.9928728331604316,0.9862312139217034,0.9933107050400531
visited,0.9928712561646829,0.9903896744977333,0.9975006007560985
per,0.9928190422501206,0.9821689586716186,0.9892728854652457
french,0.9926456943852673,0.9813691074802448,0.9886398672065908
flavor,0.9924238539728901,0.9895414922968113,0.9970956344262181
pasta,0.9924214364185855,0.9766198529046812,0.9840777486922003
bland,0.9921720420149737,0.982066346766921,0.9898145736625179
sorry,0.9919841188369009,0.9914427721798431,0.9994542789075167
hour,0.9917003182296713,0.9837999594017843,0.9920335219393795
bathroom,0.9913248207098865,0.9268732169175431,0.9349843739954078
la,0.991251544761514,0.93843705884128,0.946719391057352
filling,0.9903666097813805,0.9856853526951261,0.9952732078807789
surprised,0.9902311917575697,0.9861374084554335,0.9958658307916255
work,0.9901873314335651,0.9834621414564366,0.9932081639871195
lovely,0.9897998928050237,0.924574115066886,0.9341020561708767
\n\nmy,0.9897804272101272,0.9859733772161916,0.9961536418691705
extra,0.9895045785119774,0.9858254806576803,0.9962818788975896
size,0.9892550039925444,0.9863647081933186,0.997078310660486
priced,0.9892116342809217,0.9789426468895448,0.9896190187867718
oh,0.9888554665884831,0.9844865708353052,0.9955818662071512
close,0.988821463266098,0.985918472762996,0.9970641914532141
town,0.9877536889002845,0.9836800220394624,0.9958758272364869
needs,0.9877100879750608,0.9816309393034635,0.9938452094945589
menu,0.9876969923352233,0.9786717670882785,0.9908623542270728
mine,0.9871466632407316,0.9818055979293048,0.9945893903000265
ice,0.9870497637197888,0.9644368236005343,0.977090374821594
little,0.9867565765694897,0.9863995652531764,0.999638197175686
flavors,0.9865914404677658,0.9782111775399673,0.9915058426578025
shop,0.9865188665882262,0.9588241937419192,0.9719268695366302
chocolate,0.9846325822060066,0.9787900657034021,0.9940662978168824
busy,0.9844114923033005,0.9688524953940535,0.9841946208156891
review,0.9844088821237613,0.9752073297817848,0.9906527130046561
week,0.9839298335867559,0.9723896754499046,0.9882713606774342
okay,0.9826704778650687,0.9816117032105958,0.9989225537163046
wait,0.9823632152481291,0.9753130418041298,0.9928232517926493
tiny,0.9820345809195994,0.9778095209233763,0.995697646418656
ready,0.981461505460456,0.9783190354221198,0.9967981729075948
date,0.9810052922979484,0.9633318429208734,0.9819843485903363
items,0.9794152170399066,0.977254988805208,0.9977943693368094
care,0.9790728011300053,0.9733737032639693,0.9941790867242372
choose,0.9790403397144483,0.9779828851732238,0.9989199070780548
yummy,0.9787524033014492,0.9632739876080243,0.9841855655820467
month,0.9786320941839004,0.9739646005275273,0.9952305941281586
cocktail,0.9784848823064559,0.951970814925039,0.9729029360996169
cream,0.9784591875308211,0.9760444992724925,0.9975321522971008
stores,0.9783895015235454,0.9679336621918722,0.9893132138934531
wow,0.9756104851351542,0.971743468439988,0.996036310849375
delicious,0.9746281830127911,0.9737609127966053,0.9991101527420386
minutes,0.9744533996295474,0.9720078782680153,0.9974903660221599
salad,0.973535390619662,0.9638032661064844,0.9900033171809162
selection,0.9726312674103075,0.9721863606218228,0.9995425740428135
desserts,0.9725272712157774,0.9673016878918896,0.9946268002157357
checked,0.9724651854095657,0.9719696493650847,0.9994904331261254
sweet,0.9719716943424582,0.9632284875583011,0.9910046693385738
choices,0.9627778714092065,0.9620428624566297,0.9992365747340028
appetizers,0.9626857242117635,0.9590309005920356,0.9962035132257514
daughter,0.9614015561053805,0.7467056871159106,0.776684500221532
dessert,0.961324491184924,0.9536326451801244,0.9919986996322971
decor,0.9589801908477238,0.9340634015445148,0.9740174098057407
patio,0.9534506568173614,0.9391832546289649,0.985036035072836
min,0.9533327321234183,0.932584274559288,0.9782358699486633
girls,0.9042285587410299,0.7875618136150888,0.8709764870859887
salon,0.8860683678579596,0.8057319463865953,0.9093338342891363
