word,divergence,score1,score2
entire,0.9990327227644027,0.9992078159225388,1.0001752626857423
share,0.9989238628037233,0.9995966465636376,1.0006735085475142
sitting,0.9985108671822441,0.9995351283872057,1.0010257887406393
maybe,0.9983309645012579,0.9998311462469771,1.0015026897883195
going,0.998207401741253,0.9996195914553623,1.0014147257490236
outside,0.997596746438157,0.9995806622927056,1.0019886951933554
smaller,0.9974236234659944,0.9974626335065881,1.0000391108047533
plain,0.9973069701470184,0.9977379509433559,1.0004321445745776
high,0.9970699644669069,0.9993737642714062,1.00231056985628
wrong,0.9969637848490779,0.9975178151343844,1.0005557175633921
know,0.9965008974805866,0.9968466037014911,1.0003469201300055
giving,0.9962600709046767,0.9981354362497303,1.0018824054078075
ask,0.9962329646435159,0.9975150460962542,1.001286929361143
could,0.9959313039394626,0.9980078690965019,1.002085048586007
time,0.9954622237050461,0.9986776045445753,1.0032300380295314
take,0.9954361148754526,0.9988271322681579,1.0034065645620358
star,0.9952092425439711,0.9998462175814793,1.0046592965974221
slightly,0.9951572382706357,0.9972637890080812,1.0021168019046982
trying,0.994547383151692,0.9979479063161198,1.0034191665696728
quick,0.9944709571297254,0.9973954718662691,1.0029407744042969
try,0.9943016695186385,0.9996836243819149,1.0054127987795514
crazy,0.9942307849075374,0.9943834185879352,1.0001535193666449
corner,0.9941282148384287,0.9996766956301338,1.0055812527085422
three,0.9938453716670917,0.9951392251196233,1.0013018659536153
standard,0.9937047562007669,0.9986123284230006,1.0049386623054888
enough,0.9936441176792294,0.9950010477853553,1.0013656097610633
top,0.9935629659758825,0.9986914013746967,1.0051616611874992
clearly,0.9932003528783303,0.9973036914601554,1.0041314308537381
part,0.993197835620204,0.9957936418921044,1.0026135843019426
sit,0.993059241698555,0.9943772608999879,1.0013272311923491
happy,0.9929330115892914,0.9984623190613708,1.0055686611357892
either,0.9926679209323476,0.9938534416806254,1.001194277283751
another,0.9924930537679151,0.9979562316249168,1.0055044998413452
crowded,0.9924374195821939,0.992729965424306,1.0002947751025302
live,0.9923288063794147,0.9954623802850651,1.0031577979854112
helped,0.9920391830616593,0.992811321679639,1.00077833479883
'd,0.9917092852437319,0.9922869886772572,1.0005825330488696
really,0.9916350555715917,0.9969697842964078,1.0053797298661866
long,0.9916297196846574,0.995473349447153,1.0038760735849244
want,0.991570277848898,0.9940937957478029,1.002544971299845
disappointment,0.9915700804117794,0.9925720137831293,1.0010104513953606
street,0.9915500347122606,0.996527018700495,1.005019397724774
chose,0.9913658209185228,0.9966015882990742,1.005281367654677
lots,0.9910654297235494,0.9956320886013708,1.004607827839475
recently,0.9910545956304635,0.993638371119185,1.0026070970258483
anyway,0.9910274744299581,0.9985098212779937,1.0075500902256413
walked,0.9909527657123295,0.9960804556308867,1.0051745048764975
point,0.9908572424249458,0.9922419838926179,1.001397518641821
brought,0.9907650830028898,0.9939682203518247,1.0032329937781281
piece,0.9907374816945096,0.9941988870106555,1.0034937663913004
special,0.9906926074752497,0.9966283576089808,1.0059915155204986
sad,0.9906884958840383,0.99221088243621,1.0015366954986322
far,0.9905790397754924,0.9982268028426606,1.0077204975676666
running,0.9904656100454408,0.9969453375764404,1.0065421024872356
changed,0.9904619354071109,0.993505863162366,1.003073240521862
like,0.9901336865047333,0.9958354389607963,1.0057585682961567
around,0.9900935742695324,0.9970437133304877,1.0070196789895167
worked,0.9900519319040956,0.9924654577251522,1.0024377769925814
unless,0.9900070610154977,0.9907121540228017,1.0007122100791692
thing,0.9898737589709652,0.9973234851311521,1.0075259355980215
away,0.9897845586425823,0.993500914855409,1.0037547122556887
hit,0.9897373861529978,0.9985308381044647,1.0088846314936593
thanks,0.9897167275868023,0.993285386896751,1.0036057380970513
enjoy,0.9896330048726644,0.9950103844481575,1.0054337108291826
bring,0.9895445421120141,0.9995518936291257,1.0101130884879144
within,0.9895297864663865,0.9949359672226334,1.005463383548617
left,0.9892584518431307,0.9938205342107473,1.0046116182875333
stayed,0.9892275065329854,0.9979007895976028,1.008767733415557
absolutely,0.9890105782605221,0.9929278052554616,1.0039607533842856
hard,0.9889170863930035,0.9918252667994955,1.0029407727366704
waited,0.9887541937108622,0.994977343097826,1.0062939297011808
must,0.9886063146065897,0.9960346899029717,1.0075139873037713
completely,0.9884441151145783,0.9972326438031589,1.008891275241759
limited,0.9881017575060931,0.9952192410516277,1.007203188832999
give,0.9880834131077311,0.9930927287465005,1.0050697295110076
entree,0.9879693637755146,0.9996747510347127,1.011847925338966
supposed,0.9878955286354374,0.9929733718973999,1.0051400609829426
whatever,0.9878890058015317,0.9935817212481477,1.0057625051126033
book,0.9878313060662438,0.9911785273077915,1.0033884543048925
somewhere,0.9878036326015432,0.9945423227223466,1.006821892427198
mostly,0.9876161890319968,0.9982380448604158,1.0107550442635311
even,0.9874311251369237,0.994761891592872,1.00742407877302
ahead,0.9874122408572956,0.9918669829750998,1.0045115321984832
considering,0.9873067159534988,0.9906478539041284,1.003384093206945
hate,0.9872721961674623,0.9932479596620026,1.0060528023758168
craving,0.9868253971876351,0.9901317713570603,1.0033505158854323
feel,0.9867920038992647,0.9879473981099156,1.0011708589105763
downtown,0.9867266071178191,0.9876709613022472,1.000957057585775
honestly,0.9864531834144832,0.9930046255673384,1.006641412145053
taken,0.9863796563410934,0.9935827859962442,1.0073025934880595
've,0.986296442381793,0.9863967300186547,1.0001016810286971
pie,0.9860311425539637,0.995950390062613,1.0100597710159103
pho,0.9860252629143934,0.9892082515754165,1.0032281005170345
hand,0.9859986140677762,0.9925506819269687,1.0066451085891102
looks,0.9859348796708247,0.9909240216786035,1.0050603159606692
months,0.9858860463744408,0.9909021636467963,1.005087928052945
something,0.9858858116243245,0.9952159348291345,1.0094636955870557
wanted,0.9858740223636986,0.9950738164454993,1.009331612227436
looking,0.985860367215634,0.9925482425784282,1.0067837957434913
ended,0.9858307676570993,0.9934454869178826,1.0077241647457202
single,0.9857690554549654,0.9937407126695983,1.0080867391510415
late,0.9855148067850438,0.9891455521518235,1.0036841104180099
ambiance,0.9854867477413664,0.9896657252080203,1.00424052122084
move,0.9854258182299593,0.986926639425012,1.0015230179352805
barely,0.9853714978683886,0.9908654188993814,1.0055754819810372
glass,0.9852516326639427,0.9904854557392051,1.0053121688934543
life,0.9852206316459415,0.9976034831685487,1.0125686076040856
water,0.985081526943316,0.9913269226447077,1.0063399784998213
already,0.9849864094834319,0.9911956276346882,1.0063038617502476
hold,0.9849381962126489,0.9904864110206315,1.005633058834876
waiting,0.9848672751265015,0.9899381524878393,1.0051487926235405
almost,0.9847427787492099,0.9932073146262417,1.0085956821006428
anywhere,0.9847019010379878,0.989757538579953,1.0051341807471235
felt,0.9846676243402515,0.9868031611524746,1.0021687895076818
lost,0.9841120474989438,0.9889518844021519,1.004917973431489
expensive,0.9840908836305876,0.9921195400979047,1.0081584502009582
sorry,0.9839297187526354,0.9914427721798431,1.007635762274497
lettuce,0.9838030110709748,0.9962335229569853,1.0126351634891608
course,0.9835982943386076,0.9859368323760619,1.0023775336444913
probably,0.9835259391891357,0.9937888665313094,1.0104348313890277
despite,0.9834278476454649,0.9885448935099734,1.0052032753361213
resort,0.9833556790003221,0.9876494970749667,1.0043664954261613
complete,0.983342559039106,0.9954876295118542,1.0123508032486828
town,0.9832916919112137,0.9836800220394624,1.0003949287189582
school,0.9831067845513818,0.9868681663814629,1.0038260155348206
totally,0.9831048924992364,0.9877870247524136,1.0047625968387508
smell,0.9829592524636963,0.9839248165633419,1.000982303281876
look,0.9829086653349869,0.9859650531441442,1.0031095338935847
ate,0.9827001682868672,0.990755609906078,1.008197252711632
cafe,0.9825925870615064,0.9906341012154399,1.0081839760037088
normally,0.9825180904136844,0.993508308205959,1.011185766348228
close,0.9824620220316331,0.985918472762996,1.003518152003693
service,0.9824442517346399,0.9899846741373852,1.0076751656793062
buffet,0.9823276427789359,0.9961820442705767,1.0141036461647843
buy,0.9820299965339543,0.9931911296957809,1.011365368879993
extra,0.9817046950301381,0.9858254806576803,1.004197581664225
dish,0.9809068358583591,0.9963431056670409,1.0157367338511551
nothing,0.9807387634835918,0.9959189437343158,1.015478311672727
full,0.9806067519292692,0.9938477276207363,1.0135028396096768
variety,0.9805897562953028,0.9895434004086661,1.009130876654464
including,0.9802776478248041,0.9919573028926535,1.0119146397898249
certainly,0.9801826212343467,0.9963466380783379,1.0164908217038533
offer,0.979973806586085,0.9957585269618299,1.0161072880414364
gross,0.9799349627949991,0.9894265008724414,1.0096858857350801
birthday,0.9798788521363919,0.9894312815481647,1.0097485820731267
per,0.9798295455126199,0.9821689586716186,1.002387571562536
available,0.9788533117679216,0.9836070510135915,1.0048564368006112
section,0.978501777198739,0.9868065584213799,1.0084872418386566
seriously,0.9782637011592342,0.9852914242362025,1.0071838739070462
lot,0.9781939976157343,0.9954995521274148,1.0176913317336451
hands,0.978122212899584,0.9936667269279946,1.0158922002009645
house,0.978094016025653,0.9819207839985011,1.0039124745782595
yes,0.9779777379153533,0.9879659709711295,1.0102131497155211
counter,0.9779712236515975,0.9785869624291006,1.0006296082774337
year,0.977825742271641,0.9905540686202235,1.0130169679507646
family,0.9777421664154673,0.9842367145182392,1.006642393389437
mine,0.9777261259799398,0.9818055979293048,1.004172407631305
plenty,0.9776038761504442,0.9936414219666939,1.0164049531794017
add,0.9773474762705319,0.9841480549109124,1.0069581994178067
anything,0.9773292281085982,0.9904294945079819,1.013404148799209
enjoyed,0.9773064722199087,0.9972409680210218,1.0203973844108827
slice,0.9770466588273949,0.989636184535152,1.0128852860751465
needed,0.9769105792947101,0.9821089571581502,1.005321242264766
eye,0.9768174174223123,0.987635405482487,1.0110747288768887
tonight,0.9767828011901548,0.9927517448052641,1.0163485102273013
phone,0.9766756064413267,0.9867824772159031,1.0103482371300359
couple,0.9765482222343899,0.9898216027340261,1.013592140354591
table,0.9765309709230446,0.9935146916751179,1.0173918915608173
dishes,0.9764780811186343,0.9826411226071203,1.006311500081421
offered,0.9758131315277645,0.9954926525474831,1.0201673049725286
leave,0.9756555381590705,0.9869431309542179,1.011569239709791
together,0.975341047877647,0.9823276637926581,1.0071632542588196
floor,0.9747302352207169,0.9899037805445149,1.0155669176717004
wait,0.9745674015569566,0.9753130418041298,1.0007650986950538
empty,0.9744829618691135,0.9849237811204351,1.010714214265271
picked,0.97417899642189,0.9863647150379246,1.012508705957316
tiny,0.9733470979608287,0.9778095209233763,1.0045846162914507
serve,0.9732494236290516,0.9805498094515089,1.0075010430473574
alone,0.9729152352789421,0.9837238695326218,1.0111095333506426
definitely,0.9722855447223397,0.9829189314484741,1.0109364854634046
--,0.9721158867939421,0.989356716176685,1.0177353642883087
apparently,0.9721005189742988,0.9909813770002814,1.019422742460733
delivery,0.972053843922301,0.9911319251020495,1.019626568321326
perfect,0.9715171221542473,0.9737994742945512,1.0023492659967155
little,0.9714313037280125,0.9863995652531764,1.0154084611724175
forward,0.9712778151972256,0.9769299824053574,1.0058193105203213
mexican,0.9712660687839396,0.9975673082550626,1.0270793352269096
stay,0.9711913887401529,0.9852452597029715,1.0144707532683641
thin,0.971012922408418,0.9919204734603744,1.0215316918750155
event,0.9709443058464907,0.9861653029523514,1.0156764883569616
entrees,0.9704373965746675,0.9943168275700272,1.0246068742606647
order,0.9699281404384954,0.9838307603261083,1.0143336596887762
staying,0.9699207812665984,0.9726950569372517,1.0028603116091919
chairs,0.9696715030036737,0.9705157414350035,1.0008706437476143
issues,0.9695779107406335,0.9774537565279489,1.0081229633019375
work,0.9694130223577363,0.9834621414564366,1.014492397744494
space,0.9692853112486896,0.9942683484730469,1.0257746990843932
box,0.9692431492841826,0.9969524088771741,1.0285885534640669
bought,0.9687858581005483,0.9862611483500889,1.0180383416039986
room,0.9687358417744961,0.9803842276830552,1.012024316027393
size,0.9684869959937913,0.9863647081933186,1.0184594241053102
reservation,0.9683308809083295,0.9778906581933631,1.0098724283956184
staff,0.9681858901388084,0.9845860247225853,1.0169390349010619
okay,0.9676543385625979,0.9816117032105958,1.01442391574323
seat,0.9671956555984315,0.9847577652569701,1.0181577631753034
checked,0.9666620235875945,0.9719696493650847,1.0054906737287475
option,0.9665094104140194,0.9812419878408585,1.0152430770648453
month,0.9659225461064231,0.9739646005275273,1.0083257756571904
sell,0.9648075911953601,0.9842560621922227,1.0201578751808604
nice,0.9647899655659669,0.9833629199076012,1.0192507747846848
attentive,0.964572130906973,0.9662096724087019,1.001697686932121
seats,0.9635083046946188,0.9892757699478446,1.0267433763961098
week,0.9633189377111406,0.9723896754499046,1.009416131442735
able,0.9630343025466542,0.9899939208230184,1.027994452746981
servers,0.9629403522151231,0.9680481613174075,1.005304387847632
comfortable,0.9628222046193566,0.9806190488058307,1.0184840400450776
loved,0.9619215463725664,0.985927463120616,1.0249562106583188
priced,0.9617279485068865,0.9789426468895448,1.0178997588760779
everything,0.961509491415617,0.9885773392645657,1.0281514099347029
egg,0.9614435613057662,0.9744287068824904,1.0135058843798264
care,0.9608988227277258,0.9733737032639693,1.012982512040998
eggs,0.9592640193299053,0.9880763254327327,1.03003584573406
parking,0.9581992633317669,0.9928408129940318,1.0361527617353956
appetizer,0.9571353459985175,0.9785184037966501,1.0223406834650173
appointment,0.9551070369836279,0.9606119249836748,1.005763634636629
seating,0.9540226428096126,0.9792906981388675,1.0264858025327785
cute,0.9535852913229994,0.958964155647101,1.0056406745920325
none,0.9535056558147228,0.983252260948853,1.0311970935386987
sweet,0.9525613925231742,0.9632284875583011,1.0111983281275674
options,0.9522877364593652,0.9730590824927796,1.0218120482267712
vegetarian,0.9516919423367066,0.9655741992490763,1.0145869228211435
dessert,0.9513462855205134,0.9536326451801244,1.0024032885757892
nails,0.9504667729109367,0.9578440006118936,1.007761689215461
forgot,0.9496630726328812,0.9807298439264965,1.0327134666903333
pretty,0.949054063610121,0.965716028555015,1.0175563917628816
appetizers,0.9461546963091866,0.9590309005920356,1.0136089841683154
patio,0.9366000822798253,0.9391832546289649,1.002758031307078
ice,0.9364112859881205,0.9644368236005343,1.029928662791415
server,0.9363255511765608,0.9490703853867581,1.0136115416205214
la,0.9353380676068307,0.93843705884128,1.0033132311639774
massage,0.9264426670686408,0.954624427250371,1.0304193245664086
wings,0.9182368039207034,0.9616062929023064,1.0472312684445049
\n\nmy,0.9141136578637368,0.9859733772161916,1.078611361655387
seafood,0.9125910912661085,0.9701699776871675,1.0630938510929089
dance,0.904704149276727,0.9167072809837359,1.0132674661839507
n,0.7872922588594801,0.993593403105599,1.262038832370814
wife,0.7434333742580111,0.8183227364623571,1.100734463635144
lady,0.7117098875220136,0.7181576721932652,1.0090595687713446
daughter,0.7099622576786649,0.7467056871159106,1.0517540602191786
