word,divergence,score1,score2
dog,1.2551887021534571,1.1263345205136939,0.8973427808753415
et,1.245503170871746,1.0714712261054429,0.860271777032494
dogs,1.124673306342462,1.0343832910422797,0.9197188954419007
coupon,1.1056726489581528,1.0175181434839886,0.9202707007745647
airport,1.0971026437054405,1.090845149089047,0.9942963453307715
customer,1.090986566106888,1.0220086974931641,0.9367747772918353
burger,1.090618789270347,1.0654487033732158,0.9769212797865232
beer,1.0861744562572324,1.045616024806001,0.9626593764771557
ribs,1.0860569644329618,1.0002299153237124,0.9209737132397466
bartender,1.0800444049929965,1.0687164083619465,0.9895115454710185
soup,1.0794059636713438,1.0185953142818653,0.94366285583355
bill,1.076084576293669,1.054560439209899,0.9799977273553115
chef,1.067226736440049,1.059712032464267,0.9929586621856488
tacos,1.0639421003459075,1.0252092206511236,0.9635949365269114
customers,1.0609652295938345,1.0078171225326682,0.9499058917496166
lines,1.0606695767276637,1.031618470287929,0.9726105970444046
mac,1.0601495555642875,1.0071814593788262,0.9500371472048886
greasy,1.0597307924017851,1.0513384669796078,0.9920807006058991
breakfast,1.0548230016560798,1.0053827604904013,0.9531293486318966
\ni,1.0525930290273207,1.0153840868122885,0.9646502103007313
greeted,1.049079930146848,1.0061279201871316,0.9590574476496713
guests,1.048393026413946,1.026794719186976,0.9793986542424383
yelp,1.0470659029293323,1.0225600869221092,0.9765957272234115
noodles,1.0453928961697228,1.045103994986707,0.9997236434415477
atmosphere,1.0451065992278161,1.0207175274882263,0.9766635558921837
paper,1.0435797602567682,1.016426813112628,0.9739809565322928
charge,1.0432012799214814,1.0154006192394285,0.9733506263679572
bar,1.0428961722120036,1.0205768637772097,0.9785987243701795
die,1.0423821889153855,1.0383871116854027,0.9961673585058665
chili,1.0420882059073848,1.0176919781403146,0.9765890952140396
curry,1.0412641101918847,1.031328918126091,0.990458528274865
view,1.0384402237803234,1.0144456903125465,0.976893678693967
local,1.0375932489418245,1.0234502466181619,0.9863694156278617
bucks,1.0374575741590908,1.0243159446386354,0.9873328511470869
corn,1.0371538610720406,1.0069139959444944,0.9708434145958931
sandwich,1.0369692710887903,1.0347850738524467,0.9978936721682694
music,1.0360937219359403,1.0030257942820757,0.9680840381967789
roll,1.0359887704878603,1.0242012022925824,0.9886219150910999
rare,1.0356239588209948,1.027113904864923,0.9917826795299715
saying,1.035313303720787,1.0172137569087774,0.9825178071729959
bread,1.0347914141783905,1.0122402905521777,0.9782070827828446
hell,1.0345338958754045,1.0197939487346992,0.9857520887430831
rolls,1.0333392600669347,1.0269362319920767,0.9938035567578811
eating,1.0332636796062,1.0090586395469126,0.9765741886248122
crust,1.0329748394055198,1.0181031075192704,0.9856030066571533
drink,1.0322486773782535,1.0083612659248464,0.9768588597138459
beans,1.0311112011510106,1.0287301149854657,0.9976907571531695
charged,1.0308868474788635,1.0266781781392174,0.9959174284258852
hotel,1.0308446490976146,1.0300093188364254,0.9991896642603515
however,1.0307203104738119,1.017554210646975,0.9872263118393539
often,1.0304042278798053,1.0081065347981932,0.9783602469028173
said,1.029750030356694,1.0148821049367052,0.9855616169150889
taco,1.0296093439926484,1.0132489476261874,0.9841100933456779
drinks,1.0291274614420627,1.0045085504070799,0.9760778796044509
rice,1.0280890331074297,1.002367322288957,0.9749810473702575
beers,1.0280476623932082,1.021728942100547,0.9938536698989697
decided,1.0272791607566032,1.0002223226762565,0.9736616500032775
joint,1.027121136236716,1.0250177910845792,0.997952193682
kinda,1.0264339816297852,1.0194228410575004,0.9931694188834703
may,1.0259241640743513,1.0058142629284386,0.9803982576391921
establishment,1.025555295067896,1.0123228816275645,0.9870973183952452
original,1.02518378603895,1.0212477875920007,0.996160689916725
sat,1.0250759241561944,1.0178072767961488,0.9929091619569264
sushi,1.02497416655004,1.0005100775950133,0.9761319945873658
grill,1.0245485933955867,1.0147821237950216,0.9904675389107737
meal,1.023661874828485,1.0190580217163943,0.9955025646404365
poor,1.0236591658068313,1.0167212895996574,0.9932224743948778
sometimes,1.0235811324078783,1.0151812427037386,0.991793625890329
seeing,1.0234830441441027,1.0066019508432218,0.9835062306137197
eaten,1.022815544282988,1.0071743535970206,0.9847077112061957
eat,1.0226701869157682,1.0040738694656972,0.9818159190636475
old,1.0225994442047182,1.012577304136878,0.9901993491932373
onions,1.0223171842390553,1.0181645046261332,0.9959379733834631
style,1.0220376662513595,1.001377075696578,0.9797849030060111
're,1.0219272462896756,1.0048305503376023,0.9832701437268195
card,1.021768644608281,1.0105813522278446,0.9890510513906744
lamb,1.0216266033019266,1.0128577965949943,0.991416818357518
50,1.0215580227678798,1.0150359688510835,0.9936155815221097
sign,1.0214546145775176,1.0036208404185236,0.9825408061166083
always,1.0212610393557517,1.0095679571738765,0.9885503492924281
save,1.0210882765889198,1.0014690333436553,0.9807859479977528
kids,1.0209245818038042,1.011309303509873,0.9905817937335365
disappointing,1.020626169363937,1.0056801535292537,0.9853560331066196
chain,1.0206193364433407,1.0066394431997852,0.986302539306895
shows,1.0204722258320624,1.01194447893388,0.9916433326823479
100,1.0195505950240284,1.010008486524899,0.9906408680984542
person,1.019422031115815,1.0087820598454285,0.9895627414891744
garlic,1.01932512192909,1.006389918726668,0.9873100319769007
received,1.0192901863223565,1.010879343189465,0.991748333059854
worst,1.0191855187357204,1.0046905125207395,0.9857778530517567
attitude,1.0191398088788268,1.0010910849221841,0.9822902375126545
general,1.0190892081612135,1.0173472141744113,0.9982906364105795
bad,1.0188000695896287,1.0082761914753045,0.9896703205776545
mistake,1.0187741670285717,1.012219480157027,0.9935661041635335
etc,1.0185186038035263,1.0139668633232128,0.9955310188117178
came,1.018449321434694,1.0149185482967644,0.996533187205667
takes,1.0183732899848557,1.01475531929217,0.9964473040207689
pool,1.0182177926969662,1.0003144715430632,0.9824170022540244
knows,1.0175075385589576,1.002579836862277,0.985329148796458
large,1.0174887181044487,1.0083961281487688,0.9910636945708654
spent,1.0173242361710995,1.0005542245427475,0.9835155685551449
showed,1.0169922554278865,1.013431736970761,0.9964989719064996
clean,1.0169509913956136,1.0002693324114722,0.98359639832668
thinking,1.016418579788777,1.0095417712433337,0.9932342750494855
typical,1.0164065213885645,1.0011209492457422,0.9849611628603684
truly,1.0163734193612213,1.0061486898157108,0.9899399872618309
pulled,1.015973205583,1.0119247040612056,0.9960151493173767
dark,1.01583211962992,1.010693749849593,0.994941713614845
behind,1.0157240097211568,1.004704546020461,0.989151124128964
places,1.0156449859114378,1.0039645530817911,0.9884994924489636
overpriced,1.015640485614086,1.0034044753959845,0.9879524197869061
world,1.0156237922392923,1.0143450427396064,0.99874092207227
fun,1.0154717475002437,1.000756529964902,0.9855089838081997
2,1.015237397816081,1.01246090894735,0.9972651826314677
start,1.0151970918803204,1.0089718677978743,0.9938679650166099
shot,1.0151812189850626,1.0085248231288622,0.9934431451924857
mushrooms,1.0151130597951603,1.0099322285881613,0.9948963012966807
big,1.0150966354828714,1.0133062078278905,0.9982361997937967
cheese,1.0149013883478113,1.0026664056070287,0.9879446585833327
hungry,1.0147986181214232,1.0017414028065732,0.9871331956097641
nights,1.01472824929332,1.008061304243221,0.9934298221669278
understand,1.0146348276936468,1.0024486826701917,0.9879896247488811
seen,1.0145473434456032,1.003271263144258,0.98888560462536
makes,1.0142476992755278,1.010538799910369,0.9963432015987731
pepper,1.0141409073698553,1.0043874811285411,0.9903825729043814
different,1.0140068063597667,1.001738398191256,0.9879010593503275
last,1.0136014250620193,1.0112609935916441,0.9976909745660313
real,1.0135423574199116,1.0131935653479758,0.9996558682827784
sandwiches,1.0134044409301564,1.0111201625600614,0.9977459360963543
except,1.0133225895845988,1.0060233403217977,0.9927967171186884
face,1.0132967886190465,1.0079337997082154,0.9947073858606224
later,1.0132418915006947,1.0026644680428212,0.9895608111482566
fix,1.0129279297973872,1.0069467325545336,0.9940951403679331
4,1.0127784220063771,1.008231522314841,0.9955104694247647
double,1.0127371442012891,1.0021887141373758,0.989584237011241
black,1.0126642751198438,1.0111332162888127,0.9984880884330101
times,1.012652421279063,1.0106293441028658,0.9980021998331452
total,1.0124864905386628,1.0038296970061562,0.9914499663813776
used,1.0124826826762054,1.0020591656130295,0.9897049922516953
play,1.012466349218254,1.0097008209747793,0.997268523298962
cup,1.0124303981088336,1.0091155855044116,0.9967258859368368
treat,1.0124082275527715,1.0018900523404517,0.9896107371255323
dirty,1.0123009807741026,1.0099320371330878,0.9976598425902904
rooms,1.0120674496875122,1.004802129478745,0.9928213082922384
usually,1.012006169844516,1.0050446764355612,0.9931210958822274
yeah,1.011821388221995,1.0000132582994026,0.9883298277146106
bun,1.011630682287462,1.008212506163758,0.9966211225266765
impressed,1.0114393429908726,1.0048995150480307,0.9935341372785604
overall,1.0114319670612815,1.0055382496850365,0.9941728978634429
wall,1.0113933014668417,1.0045098064691844,0.9931940472735246
authentic,1.0112489111902792,1.0093758668388826,0.9981477909833376
worse,1.0112317693580868,1.0003288948039832,0.989218223868674
told,1.0111496457633002,1.00724633752592,0.9961397323791439
today,1.0108645267290013,1.0035432379788238,0.9927573986853927
first,1.0108577177089346,1.0059962063495083,0.9951907065907902
say,1.0107720867713283,1.0060211864773603,0.9952997314071625
although,1.0106602471964186,1.006089494188838,0.9954774584037911
idea,1.0106222583301598,1.0009106316439338,0.9903904484527459
heat,1.0102127323186039,1.00272071421359,0.9925837223533915
watch,1.0101522155923444,1.0034788914680148,0.9933937440107318
return,1.0101352439046791,1.007614478593998,0.9975045269176659
average,1.0100831511212431,1.0068487676541926,0.9967979037533097
standing,1.0098164501655922,1.0079307376395703,0.9981326185311076
works,1.009784058550245,1.0024319725923205,0.9927191503018182
watching,1.0097431782179853,1.0034601060155497,0.9937775541959847
think,1.0095947706022221,1.0071560387430598,0.9975844448384894
otherwise,1.0095713761613874,1.003939852185681,0.9944218664388856
sent,1.0093153379100006,1.0051291713889146,0.995852469130456
fair,1.008939549801383,1.0061693382841321,0.9972543335051183
ago,1.008911540511858,1.0068376771838925,0.997944454746832
waste,1.0088847531018779,1.005882374525523,0.9970240618989197
thought,1.0086156206864392,1.0072503083478999,0.9986463501947253
come,1.0083104080326903,1.0064350132430202,0.9981400620535801
mouth,1.0080471043312171,1.0030765224172693,0.9950690975723347
seems,1.0079665933673094,1.004912047218093,0.996969595848398
mediocre,1.0078827139932456,1.0027723978644152,0.9949296519745009
great,1.0076885883247524,1.0038619717386141,0.9962025802113131
tender,1.0075326443945383,1.0052436782974654,0.9977281469639642
every,1.0074208294879594,1.0013226984553305,0.9939467888154264
crab,1.0072680938845653,1.0051142319692659,0.9978616795981365
happened,1.0072616761855273,1.0033730827215508,0.996139440667789
though,1.007173993878265,1.003142215761875,0.9959969398128867
show,1.0070634733129997,1.0033918263050885,0.9963541056693951
plan,1.0069622446334976,1.000055272685465,0.993140783594576
onion,1.0068752455547176,1.0040602600963633,0.9972042361049372
simple,1.006785647057165,1.0032174580453548,0.9964558602695222
rest,1.0066438065369323,1.001985020027213,0.9953719612841541
stop,1.0066298789867596,1.0003022727798663,0.9937140687565698
1,1.006516745468172,1.0047562989612544,0.9982509515963405
way,1.006386185562327,1.003688981881605,0.9973199118594668
else,1.006374953504406,1.0013230858026465,0.9949801337124221
fries,1.0063490311742607,1.0049977825433176,0.9986572763632848
might,1.006154337910186,1.0033759626086927,0.9972386191692378
drive,1.0055251196883217,1.0003691595300355,0.9948723706078229
free,1.0053388167130344,1.0036924464006562,0.9983623726797292
dont,1.0053196398795137,1.0018406487663452,0.9965394179371792
fact,1.005041138790129,1.000806242868502,0.9957863456945404
cheaper,1.004760518105777,1.003376003360284,0.9986220450340714
area,1.0045926521315987,1.0013847092847032,0.9968067227646066
see,1.0044877511616825,1.0032594369897816,0.998777173568836
grilled,1.004179239595151,1.0020472482281964,0.997876881653305
stuff,1.0041104745221439,1.0023788549776682,0.9982754690958684
best,1.0036877462219789,1.0003567952461083,0.9966812875932692
talking,1.0025244171777465,1.0000898008025483,0.9975715141362322
days,1.0024271573675094,1.000046181759478,0.9976247894018712
dinner,1.0024185549811644,1.0003390567701131,0.9979255190352194
read,1.002366482341589,1.0010667869076455,0.9987033730109298
bowl,1.0023574122220933,1.0023062149035527,0.9999489230907894
whole,1.0022093007149728,1.0009895064378422,0.9987828946745351
walk,1.0020054566591847,1.0014417279417427,0.9994373995533701
opened,1.0019678853792813,1.001010457895109,0.9990444529229499
gone,1.0015085277389142,1.0007785181529754,0.9992710899950228
