word,divergence,score1,score2
son,1.4537125900846977,1.576889623066916,1.084732727653574
guy,1.2638725985626118,1.2900894419590232,1.0207432643339427
waiter,1.188301441630893,1.2012789103934491,1.0109210241676936
man,1.1444436987616953,1.168661426533382,1.0211611351418077
guys,1.1088450794000735,1.144540325136065,1.03219137316757
manager,1.0905128814017637,1.0989838698725536,1.007767894002225
boyfriend,1.0787104892522947,1.1364537393804128,1.0535298865668237
pizza,1.0527490035536284,1.0867572108846004,1.032304193322601
husband,1.051946085764455,1.1347566545014656,1.0787213050722384
\n\ni,1.0430827909441338,1.044449021086276,1.0013098002900667
sausage,1.034397024825714,1.046848751232619,1.0120376664936783
bbq,1.0307700330302418,1.0326124289959155,1.0017873976800213
game,1.029877091806088,1.065581757010523,1.0346688604771468
money,1.0265842646409165,1.0290807944012292,1.0024318800183305
owner,1.0220667782267474,1.0377185316589532,1.0153138266164576
rock,1.0217287528351817,1.0293610883673088,1.0074700212859315
movie,1.0211908762151811,1.0393686328196468,1.0178005474077847
meat,1.021093407651902,1.0247985050097312,1.0036285586901883
burgers,1.0210171652850473,1.0216968194923142,1.0006656638403109
fish,1.0189872393467314,1.0227422744710064,1.0036850658960974
people,1.0166655736559076,1.017650182233147,1.0009684684942155
saw,1.016534305652078,1.016710305964248,1.0001731376021363
\n\nit,1.0158732687765073,1.0341447025559465,1.0179859381490024
others,1.015746951474398,1.0190278191424873,1.003230004937083
quality,1.0151154872653112,1.017024213172858,1.0018803041934556
paying,1.0144696886709856,1.0171550982542348,1.0026471067723741
liked,1.013696783346223,1.0193176867736815,1.0055449553750224
went,1.0129684919120256,1.0151375730809078,1.0021413115868865
business,1.01284554152704,1.0262127254508377,1.013197652925089
dollars,1.012827789555621,1.0174180584175807,1.0045321316311568
italian,1.0126969991482089,1.0199415059518482,1.0071536765782192
literally,1.0126261374931629,1.0255479829614322,1.0127607267774643
crowd,1.0123617696278706,1.0232845928938015,1.010789446612495
rate,1.0122832911778226,1.0205335973972778,1.0081501950011007
bacon,1.0122775230792265,1.0163223433561421,1.0039957622141127
3,1.0121860149420088,1.0156067513600213,1.003379553133036
gets,1.0121017795445022,1.0227438528414559,1.010514825200429
job,1.0113655157973154,1.029622687356749,1.018052001254008
highly,1.011349423144578,1.013146991251593,1.0017773956912197
fan,1.0112475937573915,1.0214342598808654,1.0100733650061153
40,1.0109579281588066,1.018506597654396,1.007466848308255
fairly,1.0108106182367764,1.023189569489419,1.0122465583852256
steak,1.0098182662250814,1.0333466057686653,1.0232995780830327
chance,1.0096569627619907,1.009840935726941,1.0001822133375349
restaurants,1.009634883913054,1.0161551073560449,1.0064580013496764
9,1.0091457841179594,1.011347777344204,1.0021820367888363
tomato,1.00899878342426,1.0124442014406991,1.003414689961019
sauce,1.0089479892309152,1.0122316819012886,1.0032545708058513
10,1.0088251672118236,1.0139312506051321,1.0050614155547097
perhaps,1.0086823640029712,1.0168751917399712,1.0081223069118475
fast,1.0085767176394793,1.0100489148939162,1.0014596780083151
says,1.0084357758665738,1.0141505730989493,1.00566699176005
salty,1.0083865898679023,1.0136551461485865,1.0052247385413708
means,1.0082748757848543,1.0114963946315187,1.0031950799568985
pay,1.006424839165801,1.0135400382037338,1.0070697768586776
burrito,1.0063770604350373,1.0084708248149838,1.002080496925319
basically,1.0063632853682962,1.0244659297813108,1.0179881804873174
sunday,1.0063345446148688,1.0084017408257453,1.0020541838913695
believe,1.0062312797970645,1.006508738282763,1.0002757402709193
toast,1.0061636728236918,1.0211410706995159,1.0148856476141617
stand,1.0061052725116353,1.0143502732103986,1.008194968184771
finished,1.0058840168806686,1.009663192227653,1.0037570686913826
cash,1.0057131430462003,1.0175370463774742,1.0117567354200627
beef,1.005531296554057,1.0284405775229497,1.0227832600013569
potato,1.0051712413520477,1.010198206740713,1.0050011034755666
pass,1.0050642398826204,1.0125088296046214,1.0074070784996494
bit,1.0048632110195796,1.0094707255017101,1.0045852156110437
finish,1.0047733617057666,1.0067186862582962,1.0019360829284198
super,1.004658490838381,1.0124614134883263,1.007766741356492
simply,1.0046029789163597,1.0046729475951892,1.000069648090139
got,1.0045987979327913,1.0172736660565582,1.0126168457993865
took,1.004434916125892,1.008831345939277,1.0043770181052067
terrible,1.0042686559752603,1.0065496518901647,1.002271300514392
tv,1.0042412433195633,1.01236603623548,1.0080904792249519
45,1.003929806189702,1.0050137000632542,1.0010796510541569
fat,1.0036614739871865,1.014374015395313,1.0106734608090209
amount,1.003572540206631,1.004113722527105,1.0005392558074204
prefer,1.00337106368241,1.0130167323426769,1.0096132617427365
friendly,1.0031245971556468,1.0043585147735916,1.0012300741318112
huge,1.00243496195221,1.0051823837331855,1.002740748163477
comes,1.0024299864516775,1.0088200735902262,1.0063745969543147
sour,1.002207479365999,1.0196669169343218,1.0174209811119825
20,1.0020492878977394,1.0099814694311098,1.0079159594534635
speak,1.0019713565326853,1.0093980456550902,1.0074120772754471
good,1.0018140282192978,1.012066596340941,1.0102340033507686
inside,1.0014135848702004,1.0051314644280978,1.0037126314382676
friends,1.0013491101735084,1.0035492130884263,1.002197138732701
\n\nthis,1.0011859236045115,1.0346710638898036,1.0334454765052403
ok.,1.000966566708487,1.009135736845059,1.0081612817133694
mean,1.0008949369246045,1.0024798180902028,1.0015834640651375
reasonable,1.0007621418944193,1.0186996327037572,1.0179238303073523
guess,1.0007447216628396,1.0048737001702215,1.0041259058559122
main,1.0007436599776012,1.0055552987133738,1.004808063171622
reason,1.000722225625546,1.0012853790628011,1.000562747006946
word,1.0006707658804554,1.0061899220318458,1.0055154565713071
7,1.0006707225147768,1.0070221829902342,1.0063472032633227
rating,1.0006621740462136,1.0026213059025755,1.0019578354285543
air,1.0006475693246477,1.0040067998406452,1.0033570565891292
12,1.0005254049334875,1.0132585437298345,1.0127264522555461
ones,1.000336819174204,1.015923129751333,1.0155810625764987
hear,1.0002307562371897,1.000957508062543,1.0007265841615263
thank,1.0001230350510941,1.0115474677615894,1.0114230272777505
actually,1.0000894758244243,1.0055282188159862,1.0054382563990871
company,1.0000870967260336,1.024373511092036,1.0242842992830408
never,1.0000007016754968,1.0038061912953027,1.003805486949589
bunch,0.9999015445386957,1.0113061413963267,1.0114057198130366
returning,0.999693502866787,1.0034057497813726,1.00371338505646
problem,0.9996854209605499,1.0057954022791618,1.0061119039955
taking,0.9995896649765137,1.002100043299991,1.0025114088424836
would,0.9995663686947441,1.0044561699052945,1.0048919225012898
remember,0.9995205023057395,1.0017285987516475,1.0022091557309873
dry,0.9995045895009416,1.0079084052403424,1.0084079811415343
kind,0.9994427732972021,1.0031210902713887,1.003680367773386
many,0.9994281766400618,1.0050608285810543,1.00563587466578
walking,0.9993946292260427,1.002535723231686,1.0031429966839784
quickly,0.9993655054550676,1.004542069178128,1.0051798503098255
get,0.9991779331113615,1.005598962934784,1.0064263126822945
paid,0.9990934931287667,1.0034602389068654,1.0043707078548012
easily,0.9990288650635434,1.0078748597319367,1.008854593673658
tip,0.9990106086441207,1.0019703051625257,1.0029626277166586
city,0.99887305863283,1.005082080752476,1.0062160272178573
30,0.9987257444313651,1.0096430139421175,1.010931198651506
hope,0.9986893033133349,1.0027998546293038,1.004115946072849
flat,0.9986782793752972,1.0007631728002904,1.0020876527186486
elsewhere,0.9986466335786163,1.0023917946781897,1.003750236543784
obviously,0.9986370930185837,1.0036717007779785,1.0050414788260835
salt,0.998630456349133,1.0000132306507328,1.0013846706685223
years,0.9985942760981403,1.0077950989534843,1.0092137748789176
thick,0.9985857861339213,1.00803068375334,1.009458273641151
bite,0.9985643718426448,1.0046571712527257,1.0061015589799562
nearly,0.9983277412354233,1.0004430504468067,1.0021188524810156
friday,0.9982423995155032,1.004711695946482,1.0064806868893954
bottle,0.9982348699985419,1.0003810319478137,1.0021499569027026
write,0.9981685910750588,1.003211851427838,1.005052513571227
excellent,0.9981188305319166,1.0114294416017122,1.0133356977772898
twice,0.9980482483336242,1.003365250135718,1.0053273995630685
stick,0.9980195647858296,1.0053295419507122,1.0073244828286019
without,0.9976356955095307,1.0017113441554955,1.0040853075569667
one,0.9975114483778971,1.002515183504987,1.0050162182451408
mixed,0.9973635228103496,1.0028833389124152,1.0055344074410422
25,0.9973529107961081,1.006965032185517,1.0096376330638432
night,0.9973417994412981,1.0031631311140758,1.0058368471832213
near,0.997280170734536,1.0012675172395533,1.003998220983458
professional,0.997142307549756,1.0026865090371193,1.0055600905160538
forever,0.9971373412230651,1.0060646032799683,1.0089528911292733
extremely,0.9969315147607926,1.0040421043211136,1.0071324754559767
done,0.9968273232685628,1.0004641114960673,1.0036483633048696
fruit,0.996800854273749,1.008423509223007,1.0116599568503841
sort,0.9965893700308647,1.0094656491628036,1.0129203456500244
well,0.9965016596222669,1.0004810386611782,1.0039933491334272
finally,0.9964097776920195,1.0031042379405821,1.0067185814495607
back,0.9963338089535921,1.0015681420713196,1.0052535937962648
8,0.9961856856586409,1.0076463461135012,1.011504542395912
15,0.9961785864145122,1.0017782110831615,1.0056211052365658
immediately,0.9961359514980614,1.0050227011286548,1.0089212216637988
avoid,0.9961195257289595,1.001677108232001,1.0055792325714874
casino,0.9960751397936954,1.0386992887395725,1.0427921019640198
asian,0.9960218998756566,1.0047187929487515,1.0087316283649794
getting,0.9959882282294934,1.0005017943682903,1.004531746471362
interesting,0.9957055320834513,1.0050361417033504,1.0093708524450753
head,0.9955647532837182,1.0018230602875715,1.0062861877976408
park,0.9955265582756347,1.0095748852717614,1.0141114537621778
oil,0.9954932004078828,1.0285378445183233,1.033194243915379
plus,0.9954673811591339,1.0010672876410736,1.0056254042954367
next,0.995453630132041,1.0019242522362317,1.0065001743007682
soon,0.995414743066918,1.0006267061148268,1.0052359713217132
strip,0.995367250741376,1.0061365126161144,1.01081938537431
cheap,0.9952552331365652,1.0192769626041462,1.024136250348442
side,0.9951949837786846,1.0048785345990408,1.009730305094172
level,0.9951174955087833,1.0035996777569574,1.0085237997386804
\n\nwe,0.9950911616662121,1.0239517024786315,1.0290029114157686
prime,0.9949045878167597,1.0051429219954233,1.010290769892951
quite,0.9948654342188784,1.0001528216296167,1.0053146759640812
5,0.9947225245629515,1.0058453975206025,1.0111818850815086
medium,0.9946928560545659,1.0178015790934603,1.0232320187063118
still,0.994381930561621,1.0027326528327287,1.0083979022691927
mix,0.9943498494019584,1.004362586767432,1.0100696323044607
meals,0.9938885718946298,1.0065340012144355,1.0127231861572772
decent,0.9938770242317868,1.011753242446877,1.0179863481892113
ever,0.9938240796677146,1.008011224848741,1.014275308348103
run,0.993482641845844,1.0000138463015045,1.0065740498933387
let,0.9931560862463504,1.003691268010029,1.010607780498528
spot,0.9930448936264255,1.0100874199424923,1.017161889080191
sides,0.9929584099217086,1.0187900618693586,1.026014837771188
keep,0.9929035045451501,1.0002050944277499,1.007353775919992
plate,0.9927629560618682,1.003361529947745,1.010675835375566
\n\n,0.9921620802372094,1.0998878656193862,1.1085768016415436
playing,0.99170471167327,1.0050006257410153,1.013407130077371
fee,0.9916975190403455,1.0088093724737033,1.017255113686194
solid,0.9916544525375718,1.00283771096061,1.0112773742853884
several,0.9913680049789173,1.00216043819005,1.0108864046014499
specials,0.9906210888246892,1.0058401459273445,1.015363146690842
mess,0.990323387787234,1.008326666485599,1.0181791916866583
tuna,0.9903183323973105,1.017879177603023,1.02783028881127
6,0.990207442390745,1.006679896594166,1.0166353568941575
n't,0.9900498192678053,1.0031450757496665,1.013226866190982
anyone,0.9900447624222044,1.005386472145417,1.015495975844242
light,0.9897488632816939,1.0006878375926862,1.011052272669172
forget,0.9894119230535457,1.0032505677134318,1.0139867373107623
low,0.9891907715540248,1.0007541741645931,1.0116897598957602
group,0.9889373436018537,1.0049800443575456,1.0162221609482984
rib,0.9889050758747236,1.0013836402039442,1.0126185663656169
potatoes,0.9887611979660151,1.0004345007512727,1.011805987946605
place,0.9885969783659196,1.00059284333601,1.0121342318787163
deal,0.9883185221495527,1.0080541957565325,1.0199689403412733
goes,0.9881038211827583,1.0052661115530828,1.0173689140780584
everyone,0.9880346719510045,1.0131752877773899,1.025445074489888
things,0.9880277355029531,1.0030563569766142,1.0152107283364984
cut,0.9878855314342055,1.0083845898654196,1.0207504389718651
put,0.9876438557313512,1.0008176172657648,1.0133385748900938
management,0.9874195419406746,1.0088365216937976,1.021689847975897
party,0.9871670545876441,1.004378821049118,1.0174355154798633
value,0.9864702483456288,1.0179579811115755,1.031919596986076
car,0.9857160223949895,1.0235562622556535,1.0383885814990852
desk,0.9855279609391876,1.0096045973543526,1.0244301910949543
station,0.9855221334670423,1.0096043193292075,1.024435966524105
fantastic,0.9853913468234398,1.008184871760436,1.0231314441825319
plates,0.985309376630443,1.0075485300002496,1.0225707314852315
go,0.9848164488760118,1.0077356755437923,1.0232725871850927
chips,0.9845170735800629,1.019079138117258,1.0351056019897296
.....,0.984298325042571,1.0252472392591623,1.041602137456467
....,0.984004923035105,1.0112419737034548,1.0276797910566735
pork,0.9830545918868561,1.0226043471585802,1.0402314943627018
groupon,0.9821248937479379,1.0026457433846834,1.0208943381512658
combo,0.9814906270993845,1.0081619029233004,1.0271742542287317
gave,0.9807962399090746,1.0058635984896338,1.0255581715758648
games,0.9801842358475868,1.0081074906474203,1.0284877615642203
friend,0.9796124384041429,1.0327801232541125,1.0542742035172434
opinion,0.976067377934238,1.0011633749936,1.0257113367649633
\n,0.9723037363873533,1.1086570432163785,1.1402373576549785
owners,0.9694028321154937,1.006318337449563,1.0380806658605586
...,0.969272444947234,1.0122942961965447,1.0443857157743226
prices,0.9648837550338369,1.0122266031268394,1.0490658567376774
\nthe,0.9635450689109039,1.056182899253836,1.096142706067336
de,0.9632385427796555,1.008492730287521,1.0469812881212932
someone,0.9619501268500149,1.0040018745190444,1.043715101745172
\n\nthe,0.9559239301403818,1.020277126256501,1.0673204154504936
price,0.9543038947065775,1.001252816035249,1.0491970341828134
\n\nso,0.9498098193147402,1.007007858911333,1.0602205182905557
club,0.9477572332890333,1.0218668028465576,1.078194675761365
..,0.9304220395557916,1.0086077836399148,1.0840325580867056
le,0.8946059466236943,1.030862244495791,1.1523087325613444
