word,divergence,score1,score2
flavors,1.059036851843828,0.9782111775399673,0.923680017212678
visiting,1.0423021558632388,0.9926504220523302,0.9523633971861193
wine,1.0386437457234112,0.9834232276830887,0.9468340147738898
salsa,1.0362278574968602,0.9788307945943264,0.944609612174311
food,1.0324878929968497,0.9944914672872474,0.9631991561670367
brunch,1.0322877181012535,0.9962752502784481,0.9651139239658443
flavor,1.0299640258161444,0.9895414922968113,0.9607534510855346
taste,1.028965879427621,0.9992859989692133,0.9711556223079839
unique,1.0267115220082246,0.9987038430146012,0.972720985015498
white,1.0262297331491115,0.9921198503877459,0.9667619426142573
coffee,1.0251585989843786,0.9900958893394323,0.965797770530645
warm,1.0248012710069765,0.9963851102089691,0.9722715402469345
questions,1.0243037058338467,0.9958943732069543,0.9722647370451858
visit,1.0225375625377946,0.9849162473128272,0.9632078892714742
tasted,1.0222998224657613,0.9940971613169365,0.9724125344355428
filling,1.0216608242920016,0.9856853526951261,0.9647872652631013
lol,1.0215887764877865,0.9965736212061821,0.9755134787525698
chinese,1.020627372114842,0.9817524753972939,0.9619107837202177
reviews,1.019988677322917,0.991176132466947,0.9717520934334369
ingredients,1.0195127232792738,0.9877211175071376,0.9688168621673715
tastes,1.0191185883511469,0.9987486732607834,0.9800122229903387
fried,1.0172050441533838,0.9963382213695389,0.9794861194369987
flavorful,1.0170210611920407,0.9869431727668969,0.9704255009331962
spicy,1.0164884507728726,0.9995537278794269,0.9833399751068792
favorite,1.0144137102736757,0.9961702053321051,0.9820157153271827
butter,1.0143338970136015,0.9946788707340657,0.9806227255764556
visited,1.0138166301306344,0.9903896744977333,0.9768923147079542
using,1.0134152361263404,0.9917176975524638,0.9785896858460379
items,1.013274537335026,0.977254988805208,0.9644523303382796
young,1.01304879764783,0.9925273775804772,0.9797429105932498
thai,1.012349911120037,0.99509596905112,0.9829565431088668
dressing,1.0123064532193038,0.9908188409149414,0.9787736092800473
stopped,1.012118697131719,0.998675768324531,0.9867180313482158
office,1.0118604875222106,0.9934577976446569,0.9818130166119865
cool,1.0117673727212375,0.9965573712970922,0.9849668986822171
number,1.0109310714956048,0.9998624840897479,0.9890510958482247
oh,1.0109229959791906,0.9844865708353052,0.9738492197239229
mall,1.010786381265477,0.9706839458136933,0.9603255087374878
turned,1.0103672284486014,0.9933834895297062,0.9831905287100677
cooked,1.0102984195012195,0.999005421547373,0.9888221165787612
check,1.0095022616932185,0.9909989212477085,0.9816708281421036
checking,1.0092598776123287,0.9863981508844232,0.9773480277626898
serving,1.0090105082364162,0.992824185595387,0.9839582219323758
better,1.0089594350800666,0.9994984880809948,0.990623065040944
turkey,1.0088935341712644,0.9815106404546232,0.972858490227976
filled,1.0087861313386106,0.9886575656872476,0.9800467462566587
horrible,1.0086806725532633,0.9871782706664509,0.9786826470736437
longer,1.0085734172483136,0.9993942326612935,0.9908988434257333
exactly,1.0084676602557197,0.9995918523384634,0.9911987183456079
stores,1.0081397689208687,0.9679336621918722,0.9601185193080579
usual,1.0079666552944804,0.9939675581586909,0.9861115473788171
true,1.0077758954638685,0.9929034358911868,0.9852422948002382
afternoon,1.0076530803110368,0.9957034956532784,0.9881411719060395
less,1.0075161564479218,0.9993336394129924,0.9918785252399549
packed,1.0073138301456348,0.9887762184300857,0.9815969848117055
bland,1.0072231455596927,0.982066346766921,0.9750236093127183
loud,1.0072022845596225,0.9971150479749809,0.989984895051095
expected,1.0069883507611166,0.9947167440961333,0.9878135564768868
cold,1.0068928807090674,0.9957091201273619,0.9888928000227495
wish,1.0067734194448612,0.9942374020412228,0.9875483230272897
seem,1.0066000840890097,0.9966170710718831,0.990082443688487
upon,1.0060891809421162,0.9973956745456284,0.9913591095489694
mention,1.0060395229454744,0.9891229066216332,0.9831849386251617
asked,1.0057326573868108,0.9989243274096576,0.9932304773767184
'm,1.005625820130345,0.9929555494272917,0.9874006111921321
easy,1.0055797093221375,0.9969091806803347,0.9913775819446004
item,1.0055587453287176,0.9860710270058516,0.980620010105431
salmon,1.0055102446420958,0.9885712207400409,0.9831538027659934
veggies,1.0053335097386362,0.9847901785742611,0.9795656556104293
blue,1.0048020895100578,0.9960890711053368,0.9913286223270402
called,1.0047527399082263,0.9954950534211633,0.9907861047605516
open,1.0046972814405655,0.9923058992235054,0.9876665514618563
asking,1.0043075272454967,0.9964287432158971,0.9921550084850916
right,1.0042781523039508,0.9997096863536886,0.995450995384315
ok,1.004211541650793,0.9984057376012782,0.9942185447899047
neighborhood,1.004145937785528,0.9927580138994704,0.9886590948013276
store,1.0040723865985437,0.9118664041914017,0.9081679930273708
covered,1.0040271821060478,0.9892444524348455,0.985276564285646
moved,1.003962322183216,0.9813740216127106,0.9775008483173105
rather,1.0036436123373988,0.9988587937616356,0.9952325521560189
portion,1.0036140168368246,0.9944020145716876,0.9908211701803735
gotten,1.0035961318181,0.9951708599245822,0.9916049179282361
early,1.0035829394961107,0.9948490339184618,0.991297275756766
type,1.0035695677997118,0.9999073540042133,0.9963508122276685
pleasant,1.0035303930959814,0.9923882736745531,0.9888970782568389
instead,1.0032283525005183,0.9965402837725923,0.9933334532349927
us,1.0032119775586748,0.9876737387214161,0.9845115098455351
making,1.0030263358129863,0.998195901082527,0.9951841396800971
given,1.0029986190189504,0.999498912680534,0.9965107565732847
stars,1.0026232253828524,0.9988029449454188,0.9961897147994204
half,1.0025580635608968,0.9993173544048826,0.9967675596319042
least,1.0024135539809667,0.9972716780776565,0.9948705044111885
feeling,1.0023870189199833,0.9931430399070094,0.990778033994361
slow,1.0023828681765146,0.9901320045256597,0.9877782591464866
surprise,1.0023223596761741,0.9863797124410982,0.9840942915408706
bag,1.002303074731087,0.993927471618548,0.991643642203945
five,1.0020470417930847,0.9980574337803995,0.9960185421978331
heard,1.0019870104338184,0.9977766029051973,0.9957979420044595
bed,1.001684669948954,0.9998407205944132,0.9981591518669893
case,1.0016371117041591,0.998932897056888,0.9973002052183647
morning,1.0015923780714677,0.997218547682398,0.9956331233295811
chicken,1.001559104757425,0.9978469818047024,0.9962936556264229
made,1.0015203647571835,0.9990005498993549,0.9974840103641432
regular,1.001369500423926,0.9977247820763103,0.9963602662692714
along,1.0013592390467767,0.99100342150425,0.9896582393823173
started,1.0013244250369924,0.9982666429990914,0.9969462624086214
explained,1.0011938282426855,0.998306785486293,0.9971163997670062
small,1.0011290057875657,0.9943744706640657,0.9932530821857606
second,1.0010930439933634,0.995227803067939,0.9941411630411217
building,1.0010291226183048,0.9951367089199339,0.994113644083642
coming,1.0010139399710465,0.9978821993717623,0.9968714315812877
mentioned,1.0007949683462667,0.9907158380907133,0.9899288759692624
based,1.000773441411778,0.9972516708524314,0.9964809512187109
tell,1.0004626750665422,0.9920305919560127,0.9915718163998785
cost,1.0003376167205986,0.9965013700295294,0.9961650480528309
end,1.000308343681668,0.9948859927048772,0.9945793204554971
menu,1.000119195310828,0.9786717670882785,0.9785551279056456
green,1.000087578657404,0.9962195071554079,0.9961322672288473
touch,1.0000608281402914,0.9960777234779775,0.9960171376077984
front,1.000009334174651,0.9947040097870881,0.9946947251327993
salads,0.9999802017020311,0.9747093784823948,0.97472867645117
name,0.9999555415162134,0.9954816626977406,0.995525922270815
toppings,0.9996760451031113,0.9876413299779151,0.9879613849064925
fine,0.9996314280542056,0.9982377505385173,0.9986058086244836
tables,0.9995938017961558,0.9863873607546807,0.9867881923459864
yet,0.9993151674420708,0.9969835199935375,0.9976667546690985
crispy,0.9992521286549447,0.9953582648013626,0.9961032218577072
kept,0.9992236583394405,0.9923617592471196,0.9931327695906196
ordering,0.9992179308854782,0.9823983728824112,0.9831672776446656
please,0.9992046711135723,0.9959320297202336,0.9967247537086757
middle,0.9992004481014333,0.9936188693943477,0.9944139549599973
tried,0.999065242965768,0.9967554544292918,0.9976880503523278
employee,0.9988595473153375,0.9859194126425302,0.9870450908662916
window,0.9988180377152185,0.9961962950352581,0.9973751548520714
saturday,0.9988166470502818,0.9939596418453519,0.995137240434194
two,0.9987687597138415,0.9956730125835294,0.9969004365623139
set,0.9986104624298743,0.9953661176974226,0.9967511408557073
experience,0.99851366933303,0.9899762738434579,0.9914498962289873
make,0.9984127468157128,0.9956111027491894,0.997193901945404
pricey,0.9983665875379969,0.9932751084776613,0.9949001908478414
reading,0.998253762388305,0.9978359055440726,0.999581412202011
'll,0.9980385107501458,0.9967727199150638,0.9987317214501766
use,0.997982154070564,0.9898683688386206,0.9918698092958387
dining,0.9979420411461207,0.9914341735006937,0.9934787118118075
served,0.9979296560275932,0.987253118139641,0.9893013121481411
expecting,0.9978374933937088,0.9949910597946277,0.9971473976294475
portions,0.997819476485276,0.9972401026816037,0.9994193600973664
knew,0.9977661881422392,0.9888729502618664,0.9910868518235407
worth,0.9976708775142996,0.9975054181829266,0.9998341543938967
fresh,0.9976372238240642,0.9884647530291586,0.990805805381092
lack,0.9975221556794637,0.9933484441813712,0.9958159210055345
scottsdale,0.997516364295104,0.8700007973517303,0.872166942310282
seemed,0.9973671384424185,0.9968707291756866,0.9995022803062199
expect,0.9973320197456351,0.9940294857292254,0.99668863131733
orders,0.9971544536257233,0.9970427839790661,0.9998880116854002
much,0.9971034700553258,0.9970060564147225,0.9999023033782062
included,0.9970937093714777,0.9841556199136204,0.9870241990935709
trip,0.9969592354134925,0.9862312139217034,0.989239257623869
line,0.9966886737961848,0.9965879219578833,0.999898913431094
matter,0.9966591061186343,0.9908393220553142,0.9941607074800285
added,0.9963876722355214,0.9874357048501822,0.9910155779373963
note,0.9963718913725275,0.9917584278179556,0.9953697373495587
location,0.9962890150669236,0.9626485661305382,0.9662342468624673
excited,0.9962437161379275,0.9816695071703224,0.9853708397538467
past,0.9962348232486624,0.9899169240693256,0.993658222908998
salad,0.9962013427029379,0.9638032661064844,0.9674783849331605
mind,0.9960404537315082,0.9924621767053019,0.9964074982970814
found,0.9958527799119954,0.9940051790772619,0.9981447048479427
glasses,0.9957789497058744,0.9941857742377666,0.9984000711517567
four,0.9957764923991853,0.9926594762556736,0.9968697632779002
talk,0.9957579524809137,0.9929574067469029,0.9971875236074859
short,0.9957188088668091,0.9926704817371331,0.996938566287459
pieces,0.9956351496549791,0.9941862389671743,0.9985447373083334
also,0.9954692571166631,0.9944090769036903,0.9989349945210326
day,0.9953974713735956,0.9933313601343673,0.9979243354552858
soft,0.9953011020292046,0.9915671424468915,0.9962484120888639
recommended,0.9951452778055082,0.9874371205098068,0.9922542391873683
weeks,0.9951410732389886,0.9812921029889409,0.9860834100586643
's,0.995113745590929,0.9944848541760061,0.9993680205728145
new,0.9951012984158386,0.991264284705731,0.996144097373588
perfectly,0.9950855882649762,0.9895984564900154,0.9944857690236193
sure,0.9950472865240505,0.9899249162057135,0.9948521337752393
since,0.9945769750404978,0.989438959775029,0.9948339692206734
unfortunately,0.9945649911058916,0.9914295460769414,0.9968474206743757
across,0.9943753120343135,0.9838718657854002,0.9894371409649892
arrived,0.994363552737869,0.9923627234359587,0.9979878292035128
red,0.9942656543386617,0.9886575551597486,0.9943595565687691
working,0.9940888723150321,0.9924390952730884,0.9983404129269633
hours,0.99405225488158,0.9919726528016644,0.9979079549694665
credit,0.9940371265591833,0.9917577296075863,0.9977069297607757
compared,0.9940215645550292,0.9860924133122033,0.9920231597325805
expectations,0.9938530078431602,0.979513748127689,0.9855720518001048
tasty,0.993485300070696,0.9776392934018246,0.984050084417209
delicious,0.9933255818823084,0.9737609127966053,0.9803038707121295
selection,0.9933166397485358,0.9721863606218228,0.9787275494226472
yummy,0.9928767031799834,0.9632739876080243,0.9701849026398266
amazing,0.9928611862419748,0.9789268523891773,0.9859654762962992
seated,0.992858240829611,0.9908603337501801,0.9979877217136642
recommend,0.9928356871371136,0.9913871342555582,0.9985409943454668
spend,0.992693591605963,0.9913007963887053,0.9985969535524003
restaurant,0.9926852449866534,0.989035395675974,0.9963232562092443
especially,0.9926390694831126,0.9920357521093512,0.9993922087168344
find,0.9925968758151348,0.9916894548913859,0.9990858112232082
minute,0.992542000702788,0.9916399421478432,0.9990911633418978
pancakes,0.9922308746117934,0.9904254429144086,0.9981804318495016
due,0.9921150168145801,0.9912733520569063,0.999151645985184
weird,0.9920883422697317,0.9843768428885475,0.9922270033296212
looked,0.9919904280321371,0.990543571023385,0.9985414607158838
awful,0.9919295837363806,0.9837437673899402,0.9917475832149231
closed,0.9917887015056579,0.9795966368978127,0.9877069938492583
surprised,0.991463316675016,0.9861374084554335,0.9946282347213374
hot,0.9914343382655296,0.9893026539063027,0.9978498985994814
glad,0.9913411570300767,0.9876749509565128,0.9963017715469946
normal,0.991340014046084,0.9905481811780705,0.9992012499679281
awesome,0.9911305235065716,0.9756898665951799,0.9844211669954797
turn,0.9910189816417677,0.9880689071427629,0.9970231907222225
noticed,0.9909284310693599,0.9891086167797537,0.9981635260100042
helpful,0.990763369024866,0.9820363490999928,0.9911916203225575
baked,0.9904989554471325,0.9820066849569742,0.9914262701202701
yum,0.9903288586117651,0.987325613906931,0.9969674268514763
cake,0.9899142867849489,0.9871141936699568,0.9971713782169098
leaving,0.9898201531286153,0.98609570912078,0.9962372517915875
ca,0.9894858161041692,0.9856524823298501,0.9961259335789049
shopping,0.9894508599481691,0.9571925496335104,0.9673977641331795
wow,0.9893050408237665,0.971743468439988,0.9822485768705319
ridiculous,0.9891967149168475,0.9751587284546097,0.9858087008877523
split,0.9888276928316881,0.9860271649445282,0.9971678302423549
grab,0.9885921254571041,0.9857630626683804,0.9971382911962651
issue,0.9882467555144536,0.9783749907895516,0.9900108301192823
wonderful,0.9882286040777741,0.9878101815307951,0.9995765933658949
prepared,0.9880623269109082,0.9873614320753078,0.9992906370210555
employees,0.987853977821462,0.9875887958885854,0.9997315575592848
pick,0.9876975653302548,0.9807479629977677,0.9929638357160845
complaint,0.9875198827404302,0.9870163357494116,0.9994900892631942
evening,0.9868196144721773,0.9779801823857246,0.9910425046717575
chocolate,0.9866086490655626,0.9787900657034021,0.992075294120353
disappointed,0.9864757909370607,0.9859120075945853,0.9994284874016626
hour,0.98636613837153,0.9837999594017843,0.9973983505009789
need,0.9860583566209715,0.9855157159090912,0.999449687020817
lunch,0.986030931719865,0.9747814015055598,0.9885910980554298
ordered,0.9856807494176008,0.9839576051058148,0.9982518231051949
rude,0.9855577575355042,0.9797816528186358,0.9941392529532594
change,0.9852315658938541,0.9840250461707636,0.9987753947753432
door,0.9849858890333996,0.9812017858947291,0.9961582158883677
tasting,0.9849608435285476,0.983462802964867,0.9984790861753305
french,0.9849216542162276,0.9813691074802448,0.996393066676141
minutes,0.9846729912378736,0.9720078782680153,0.9871377471682894
choose,0.9845571373723394,0.9779828851732238,0.9933226300947232
home,0.9845536178831717,0.9741055032244192,0.9893879678374283
attention,0.9842340726532294,0.9798164930505621,0.9955116575158197
help,0.9841579595478682,0.9800949792274609,0.9958716176798754
located,0.9829227653716692,0.9814970781613107,0.9985495429950496
review,0.9825345588548294,0.9752073297817848,0.9925425227977888
pasta,0.9825249042466393,0.9766198529046812,0.9939899219689644
needs,0.9825206927856326,0.9816309393034635,0.9990944175642281
call,0.98144620909054,0.9742896943142623,0.9927081945908076
frozen,0.9810097028224741,0.9784404905776495,0.9973810531767089
choice,0.9804491990242097,0.9790882697682047,0.9986119329207883
busy,0.9800053992758629,0.9688524953940535,0.9886195485350893
cream,0.9795618423506304,0.9760444992724925,0.996409268995516
cook,0.979242821088601,0.9713995032378729,0.9919904259885114
ready,0.9792176728380854,0.9783190354221198,0.9990822904437979
kitchen,0.9792082026323594,0.9631987637132183,0.9836506282564794
center,0.9788941816213034,0.9762753851886484,0.9973247400160071
choices,0.9776774880257313,0.9620428624566297,0.9840084017883307
lobster,0.9770792636293995,0.9715304855418462,0.9943210563419982
weekend,0.9766539197613946,0.966404895548655,0.9895059815914695
desserts,0.976435753238926,0.9673016878918896,0.9906455029767829
shrimp,0.9738685403413464,0.9716421136239959,0.9977138323858679
list,0.9727869613961075,0.9697243311026241,0.9968516947543293
shop,0.9720384642141999,0.9588241937419192,0.9864056094910162
love,0.9710674584603338,0.9696867120811331,0.9985781148702172
decor,0.9701368100737757,0.9340634015445148,0.9628161634991279
miss,0.9697217164277189,0.9575041907247197,0.987400998146142
date,0.9688722135001177,0.9633318429208734,0.9942816291952172
hair,0.9664875712383015,0.958310885812352,0.9915397924719578
bathroom,0.966088430032208,0.9268732169175431,0.9594082571578282
tea,0.9645267039277927,0.9583200360857987,0.9935650637595425
wo,0.9581673353297732,0.9524432713200852,0.9940260288588132
cocktail,0.9522112512655133,0.951970814925039,0.9997474968499325
beautiful,0.9497093261574057,0.941918390269627,0.991796504811318
min,0.9488291231935109,0.932584274559288,0.9828790577385031
online,0.9487411247541089,0.9360603730339973,0.9866341287530904
mins,0.9460085441847741,0.9347627843695674,0.9881124120026867
lovely,0.9254214009347382,0.924574115066886,0.9990844323818355
mom,0.8630468525853091,0.8519104769884278,0.987096441446346
salon,0.8246120870154443,0.8057319463865953,0.9771042155140088
girls,0.8208673965285247,0.7875618136150888,0.9594263542999926
hostess,0.771823860521035,0.7518400343701495,0.9741083073832479
girl,0.7366015253538261,0.7094552465925074,0.9631465889942612
waitress,0.6481090884509108,0.6464534560262923,0.997445441741026
woman,0.5926880485239687,0.5843582761674204,0.9859457730296861
